GISFiles/CIs/5-min/10-yr_smoothed_gridded_confidence_intervals_low.asc
ncols 390
nrows 190
xllcorner -71.475
yllcorner 42.525
cellsize 0.05
nodata_value -9999
[rows 82 to 122 of 190, columns 276 to 367 of 390]
7.7 7.7 7.7 7.8 7.8 7.8 7.8 7.8 7.8 7.8 7.8 7.8 7.8 7.8 7.8 7.9 7.9 8.0 8.1 8.1 8.1 8.1 8.2 8.2 8.3 8.3 8.4 8.5 8.5 8.6 8.7 8.7 8.8 8.8 8.9 8.9 8.9 9.0 9.0 9.1 9.2 9.2 9.3 9.3 9.3 9.3 9.2 9.0 8.9 8.7 8.5 8.4 8.3 8.2 8.1 8.0 7.9 7.8 7.7 7.7 7.6 7.5 7.5 7.4 7.4 7.4 7.4 7.4 7.4 7.3 7.2 7.1 6.9 6.8 6.7 6.7 6.7 6.7 6.7 6.7 6.7 6.7 6.7 6.7 6.6 6.6 6.6 6.6 6.6 6.6 6.6 6.6
7.8 7.8 7.8 7.8 7.8 7.9 7.8 7.8 7.8 7.8 7.8 7.8 7.9 7.9 7.9 8.0 8.0 8.1 8.1 8.2 8.2 8.2 8.3 8.3 8.4 8.4 8.5 8.6 8.6 8.7 8.8 8.8 8.9 8.9 8.9 9.0 9.0 9.1 9.1 9.2 9.3 9.4 9.5 9.5 9.4 9.4 9.2 9.1 8.9 8.7 8.6 8.5 8.4 8.3 8.2 8.1 8.0 7.9 7.8 7.7 7.7 7.6 7.5 7.5 7.4 7.4 7.4 7.4 7.3 7.3 7.1 7.0 6.9 6.8 6.7 6.7 6.7 6.7 6.7 6.7 6.8 6.8 6.7 6.7 6.7 6.7 6.7 6.7 6.7 6.7 6.7 6.7
7.8 7.8 7.9 7.9 7.9 7.9 7.9 7.9 7.9 7.9 7.9 7.9 7.9 7.9 8.0 8.0 8.1 8.2 8.2 8.3 8.3 8.3 8.3 8.4 8.4 8.5 8.6 8.6 8.7 8.8 8.8 8.9 8.9 8.9 9.0 9.0 9.1 9.1 9.2 9.3 9.5 9.5 9.6 9.6 9.5 9.4 9.3 9.1 8.9 8.8 8.6 8.5 8.4 8.3 8.2 8.1 8.1 8.0 7.9 7.8 7.8 7.7 7.6 7.5 7.5 7.4 7.4 7.3 7.3 7.2 7.1 7.0 6.8 6.8 6.7 6.7 6.7 6.7 6.8 6.8 6.8 6.8 6.8 6.8 6.8 6.8 6.8 6.8 6.8 6.8 6.8 6.8
7.9 7.9 7.9 7.9 7.9 7.9 7.9 7.9 7.9 7.9 7.9 7.9 7.9 8.0 8.0 8.1 8.1 8.2 8.3 8.3 8.3 8.4 8.4 8.4 8.5 8.5 8.6 8.6 8.7 8.8 8.8 8.9 8.9 8.9 9.0 9.0 9.1 9.2 9.3 9.4 9.5 9.6 9.6 9.6 9.6 9.5 9.3 9.1 9.0 8.8 8.6 8.5 8.4 8.3 8.3 8.2 8.1 8.1 8.0 7.9 7.9 7.8 7.7 7.6 7.5 7.4 7.4 7.3 7.2 7.1 7.1 7.0 6.9 6.8 6.8 6.8 6.8 6.8 6.9 6.9 6.9 6.9 6.9 6.9 6.9 6.9 6.9 6.8 6.8 6.8 6.8 6.8
7.9 7.9 7.9 7.9 7.9 7.9 7.9 7.9 7.9 7.9 7.9 7.9 7.9 8.0 8.0 8.1 8.1 8.2 8.3 8.3 8.3 8.4 8.4 8.4 8.5 8.5 8.6 8.6 8.7 8.7 8.8 8.8 8.9 8.9 8.9 8.9 9.0 9.1 9.2 9.3 9.5 9.6 9.6 9.6 9.5 9.4 9.3 9.1 8.9 8.8 8.6 8.5 8.4 8.4 8.3 8.3 8.2 8.2 8.1 8.0 8.0 7.9 7.8 7.7 7.6 7.5 7.4 7.3 7.2 7.1 7.1 7.0 6.9 6.9 6.9 6.9 6.9 6.9 7.0 7.0 7.0 7.1 7.1 7.1 7.0 7.0 7.0 6.9 6.9 6.9 6.8 6.8
7.9 7.9 7.9 7.9 7.9 7.9 7.9 7.9 7.9 7.9 7.9 7.9 7.9 8.0 8.0 8.1 8.1 8.2 8.3 8.3 8.3 8.4 8.4 8.4 8.5 8.5 8.5 8.6 8.7 8.7 8.8 8.8 8.8 8.8 8.8 8.8 8.9 9.0 9.1 9.2 9.3 9.4 9.5 9.5 9.4 9.3 9.2 9.1 8.9 8.8 8.6 8.5 8.4 8.4 8.4 8.3 8.3 8.3 8.2 8.1 8.1 8.0 7.8 7.7 7.6 7.5 7.4 7.3 7.3 7.2 7.1 7.1 7.0 7.0 7.0 7.0 7.0 7.0 7.1 7.1 7.2 7.2 7.3 7.3 7.2 7.2 7.1 7.0 7.0 6.9 6.9 6.8
7.9 7.9 7.9 7.9 7.9 7.9 7.9 7.9 7.9 7.9 7.9 7.9 7.9 7.9 8.0 8.1 8.1 8.2 8.3 8.3 8.4 8.4 8.4 8.4 8.5 8.5 8.5 8.6 8.6 8.7 8.7 8.7 8.7 8.7 8.7 8.7 8.8 8.8 8.9 9.0 9.1 9.2 9.3 9.3 9.3 9.2 9.1 9.0 8.9 8.7 8.6 8.5 8.5 8.4 8.4 8.4 8.4 8.4 8.3 8.2 8.1 8.0 7.9 7.8 7.7 7.6 7.5 7.4 7.3 7.3 7.2 7.1 7.1 7.1 7.1 7.1 7.1 7.1 7.2 7.3 7.4 7.5 7.5 7.5 7.5 7.4 7.2 7.1 7.0 6.9 6.8 6.8
7.9 7.9 7.9 7.9 7.9 7.9 7.9 7.9 7.9 7.9 7.9 7.9 7.9 7.9 8.0 8.0 8.1 8.2 8.3 8.3 8.4 8.4 8.4 8.4 8.5 8.5 8.5 8.6 8.6 8.6 8.7 8.7 8.7 8.7 8.6 8.6 8.6 8.7 8.7 8.8 8.9 9.0 9.1 9.1 9.1 9.0 9.0 8.9 8.8 8.7 8.6 8.5 8.5 8.4 8.4 8.4 8.4 8.4 8.4 8.3 8.2 8.1 8.0 7.9 7.8 7.7 7.6 7.5 7.4 7.3 7.3 7.2 7.2 7.2 7.2 7.2 7.2 7.2 7.3 7.4 7.5 7.7 7.8 7.8 7.7 7.6 7.4 7.2 7.1 6.9 6.8 6.7
7.9 7.9 7.9 7.9 7.9 7.9 7.9 7.9 7.9 7.9 7.9 7.9 7.9 7.9 8.0 8.0 8.1 8.2 8.3 8.3 8.4 8.4 8.4 8.4 8.5 8.5 8.5 8.6 8.6 8.6 8.6 8.6 8.6 8.6 8.6 8.6 8.6 8.6 8.6 8.7 8.8 8.8 8.9 8.9 8.9 8.9 8.8 8.8 8.7 8.6 8.6 8.5 8.5 8.5 8.5 8.5 8.5 8.5 8.4 8.4 8.3 8.2 8.1 8.0 7.9 7.8 7.6 7.5 7.5 7.4 7.3 7.3 7.3 7.2 7.2 7.2 7.2 7.3 7.4 7.5 7.7 7.8 7.9 8.0 7.9 7.7 7.5 7.3 7.1 6.9 6.8 6.7
7.9 7.9 7.9 7.9 7.9 7.9 7.9 7.9 7.9 7.9 7.9 7.9 7.9 7.9 7.9 8.0 8.1 8.1 8.2 8.3 8.4 8.4 8.4 8.4 8.5 8.5 8.5 8.6 8.6 8.6 8.6 8.6 8.6 8.6 8.6 8.6 8.5 8.5 8.6 8.6 8.7 8.7 8.8 8.8 8.8 8.8 8.7 8.7 8.7 8.6 8.6 8.5 8.5 8.5 8.5 8.5 8.5 8.5 8.4 8.4 8.3 8.2 8.1 8.0 7.9 7.8 7.7 7.6 7.5 7.5 7.4 7.4 7.3 7.3 7.3 7.3 7.3 7.3 7.4 7.6 7.7 7.9 8.0 8.0 8.0 7.8 7.6 7.4 7.2 7.0 6.9 6.8
7.9 7.9 7.9 7.9 7.9 7.9 7.9 7.9 7.9 7.9 7.9 7.9 7.9 7.9 7.9 8.0 8.0 8.1 8.2 8.3 8.4 8.4 8.4 8.4 8.5 8.5 8.5 8.6 8.6 8.6 8.6 8.6 8.6 8.6 8.6 8.6 8.5 8.5 8.6 8.6 8.6 8.6 8.7 8.7 8.7 8.7 8.7 8.6 8.6 8.6 8.6 8.5 8.5 8.5 8.5 8.5 8.5 8.5 8.4 8.4 8.3 8.2 8.1 8.1 8.0 7.8 7.7 7.6 7.6 7.5 7.5 7.4 7.4 7.4 7.3 7.3 7.3 7.4 7.4 7.6 7.7 7.9 8.0 8.0 7.9 7.8 7.6 7.4 7.2 7.1 6.9 6.9
7.9 7.9 7.9 7.9 7.9 7.9 7.9 7.9 7.9 7.9 7.9 7.9 7.9 7.9 7.9 8.0 8.0 8.1 8.2 8.3 8.4 8.4 8.4 8.4 8.5 8.5 8.5 8.6 8.6 8.6 8.6 8.6 8.6 8.6 8.6 8.6 8.5 8.5 8.6 8.6 8.6 8.6 8.6 8.6 8.6 8.6 8.6 8.6 8.5 8.5 8.5 8.5 8.5 8.5 8.5 8.5 8.4 8.4 8.4 8.3 8.3 8.2 8.1 8.1 8.0 7.9 7.8 7.7 7.6 7.5 7.5 7.5 7.4 7.4 7.4 7.4 7.4 7.4 7.4 7.5 7.6 7.8 7.8 7.9 7.8 7.7 7.5 7.4 7.3 7.2 7.1 7.0
7.9 7.9 8.0 8.0 8.0 7.9 7.9 7.9 7.9 7.9 8.0 8.0 8.0 8.0 8.0 8.0 8.0 8.1 8.2 8.2 8.3 8.3 8.4 8.4 8.5 8.5 8.5 8.6 8.6 8.6 8.6 8.6 8.6 8.6 8.6 8.6 8.5 8.5 8.5 8.5 8.6 8.6 8.6 8.5 8.5 8.5 8.5 8.5 8.5 8.5 8.5 8.5 8.5 8.5 8.5 8.4 8.4 8.4 8.3 8.3 8.3 8.2 8.1 8.0 8.0 7.9 7.8 7.7 7.6 7.6 7.5 7.5 7.5 7.5 7.4 7.4 7.4 7.4 7.4 7.5 7.5 7.6 7.6 7.6 7.6 7.5 7.5 7.4 7.3 7.2 7.2 7.1
8.0 8.0 8.0 8.0 8.0 8.0 8.0 8.0 8.0 8.0 8.0 8.0 8.0 8.0 8.0 8.0 8.0 8.1 8.1 8.2 8.3 8.3 8.4 8.4 8.5 8.5 8.5 8.6 8.6 8.6 8.6 8.6 8.6 8.6 8.6 8.5 8.5 8.5 8.5 8.5 8.5 8.5 8.5 8.5 8.5 8.5 8.5 8.5 8.5 8.6 8.6 8.6 8.6 8.5 8.5 8.4 8.4 8.4 8.3 8.3 8.2 8.2 8.1 8.0 7.9 7.8 7.8 7.7 7.6 7.6 7.6 7.5 7.5 7.5 7.5 7.4 7.4 7.4 7.4 7.4 7.5 7.5 7.5 7.5 7.4 7.4 7.4 7.4 7.3 7.3 7.3 7.2
8.0 8.0 8.0 8.0 8.0 8.0 8.0 8.0 8.0 8.0 8.0 8.0 8.0 8.0 8.0 8.0 8.0 8.0 8.1 8.2 8.2 8.2 8.3 8.4 8.4 8.5 8.5 8.6 8.6 8.6 8.5 8.5 8.5 8.5 8.5 8.5 8.5 8.5 8.5 8.5 8.5 8.5 8.5 8.4 8.4 8.4 8.4 8.5 8.6 8.6 8.6 8.7 8.6 8.6 8.5 8.5 8.4 8.4 8.3 8.3 8.2 8.1 8.1 8.0 7.9 7.8 7.8 7.7 7.7 7.6 7.6 7.5 7.5 7.5 7.5 7.5 7.4 7.4 7.4 7.4 7.4 7.4 7.4 7.4 7.4 7.3 7.3 7.3 7.3 7.3 7.3 7.3
8.0 8.0 8.0 8.0 8.0 8.0 8.0 8.0 8.0 8.0 8.0 8.0 8.0 8.0 8.0 8.0 8.0 8.0 8.1 8.1 8.2 8.2 8.3 8.3 8.4 8.5 8.5 8.5 8.5 8.5 8.5 8.5 8.5 8.5 8.5 8.5 8.5 8.5 8.5 8.5 8.5 8.4 8.4 8.4 8.4 8.4 8.4 8.5 8.6 8.6 8.7 8.7 8.7 8.6 8.6 8.5 8.4 8.4 8.3 8.3 8.2 8.1 8.1 8.0 7.9 7.9 7.8 7.7 7.7 7.6 7.6 7.6 7.5 7.5 7.5 7.5 7.4 7.4 7.4 7.4 7.4 7.4 7.3 7.3 7.3 7.3 7.3 7.3 7.3 7.3 7.3 7.3
8.0 8.0 8.0 8.0 8.0 8.0 8.0 8.0 8.0 8.0 8.0 8.0 8.0 8.0 8.0 8.0 8.0 8.0 8.1 8.1 8.1 8.2 8.2 8.3 8.4 8.4 8.5 8.5 8.5 8.5 8.5 8.5 8.5 8.5 8.5 8.5 8.5 8.5 8.5 8.4 8.4 8.4 8.4 8.4 8.4 8.4 8.4 8.5 8.5 8.6 8.7 8.7 8.7 8.6 8.6 8.5 8.4 8.4 8.3 8.2 8.2 8.1 8.0 8.0 7.9 7.8 7.8 7.8 7.7 7.7 7.6 7.6 7.5 7.5 7.5 7.5 7.5 7.4 7.4 7.4 7.4 7.4 7.3 7.3 7.3 7.3 7.3 7.3 7.3 7.3 7.3 7.3
8.0 8.0 8.0 8.0 8.0 8.0 8.0 8.0 8.0 8.0 8.0 8.0 8.0 8.0 8.0 8.0 8.0 8.1 8.1 8.1 8.1 8.1 8.2 8.2 8.3 8.4 8.4 8.5 8.5 8.5 8.5 8.5 8.5 8.5 8.5 8.5 8.5 8.5 8.4 8.4 8.4 8.4 8.4 8.3 8.3 8.3 8.4 8.4 8.5 8.6 8.7 8.7 8.7 8.6 8.6 8.5 8.4 8.4 8.3 8.2 8.2 8.1 8.1 8.0 7.9 7.9 7.8 7.8 7.7 7.7 7.6 7.6 7.6 7.5 7.5 7.5 7.5 7.4 7.4 7.4 7.4 7.4 7.3 7.3 7.3 7.3 7.3 7.3 7.3 7.3 7.3 7.3
8.0 8.0 8.0 8.0 8.0 8.0 8.0 8.0 8.0 8.0 8.0 8.0 8.0 8.0 8.0 8.0 8.0 8.1 8.1 8.1 8.1 8.1 8.2 8.2 8.3 8.3 8.4 8.4 8.4 8.4 8.5 8.5 8.5 8.5 8.5 8.5 8.5 8.4 8.4 8.4 8.4 8.4 8.3 8.3 8.3 8.3 8.3 8.4 8.5 8.5 8.6 8.6 8.6 8.6 8.5 8.5 8.4 8.3 8.3 8.2 8.1 8.1 8.0 8.0 7.9 7.9 7.9 7.8 7.8 7.7 7.7 7.6 7.6 7.5 7.5 7.5 7.5 7.4 7.4 7.4 7.4 7.4 7.4 7.3 7.3 7.3 7.4 7.4 7.4 7.4 7.4 7.4
8.0 8.0 8.0 8.0 8.0 8.0 8.0 8.0 8.0 8.0 8.0 8.0 8.0 8.0 8.0 8.0 8.1 8.1 8.1 8.1 8.1 8.1 8.1 8.2 8.2 8.3 8.3 8.4 8.4 8.4 8.4 8.4 8.4 8.4 8.4 8.4 8.4 8.4 8.4 8.4 8.4 8.3 8.3 8.3 8.3 8.3 8.3 8.3 8.4 8.4 8.5 8.5 8.5 8.5 8.4 8.4 8.4 8.3 8.2 8.2 8.1 8.1 8.0 8.0 8.0 7.9 7.9 7.9 7.8 7.8 7.7 7.7 7.6 7.6 7.5 7.5 7.5 7.4 7.4 7.4 7.4 7.4 7.4 7.4 7.4 7.4 7.4 7.4 7.4 7.4 7.4 7.4
8.0 8.0 8.0 8.0 8.0 8.0 8.0 8.0 8.0 8.0 8.0 8.0 8.0 8.0 8.0 8.0 -9999 -9999 8.1 8.2 8.1 8.1 8.1 8.2 8.2 8.3 8.3 8.3 8.3 8.3 8.4 8.4 8.3 8.4 8.4 8.4 8.4 8.4 8.4 8.3 8.3 8.3 8.3 8.3 8.3 8.3 8.3 8.3 8.3 8.3 8.4 8.4 8.4 8.4 8.4 8.4 8.3 8.3 8.2 8.2 8.1 8.1 8.0 8.0 8.0 7.9 7.9 7.9 7.8 7.8 7.7 7.7 7.6 7.6 7.5 7.5 7.5 7.4 7.4 7.4 7.4 7.4 7.3 7.3 7.4 7.4 7.4 7.4 7.4 7.4 7.5 7.5
8.0 8.0 8.0 8.0 8.0 8.0 8.0 8.0 8.0 8.0 8.0 8.0 8.0 8.0 -9999 -9999 -9999 -9999 -9999 8.2 8.1 8.1 8.1 8.1 8.2 8.2 8.3 8.3 8.3 8.3 8.3 8.3 8.3 8.3 8.3 8.3 8.3 8.3 8.3 8.3 8.3 8.3 8.3 8.3 8.3 8.3 8.3 8.3 8.3 8.3 8.3 8.3 8.3 8.3 8.3 8.3 8.3 8.2 8.2 8.1 8.1 8.1 8.0 8.0 8.0 7.9 7.9 7.9 7.8 7.8 7.8 7.7 7.7 7.6 7.5 7.5 7.4 7.4 7.4 7.3 7.3 7.3 7.3 7.3 7.3 7.4 7.4 7.4 7.5 7.5 7.5 7.5
8.0 8.0 8.0 8.0 8.0 8.0 8.0 8.0 8.0 8.0 8.0 -9999 -9999 -9999 -9999 -9999 -9999 -9999 -9999 -9999 8.1 8.1 8.1 8.1 8.2 8.2 8.2 8.3 8.3 8.3 8.3 8.2 8.2 8.2 8.3 8.3 8.3 8.3 8.3 8.3 8.3 8.3 8.2 8.2 8.2 8.2 8.3 8.3 8.3 8.3 8.3 8.3 8.3 8.3 8.3 8.3 8.3 8.2 8.2 8.1 8.1 8.0 8.0 8.0 7.9 7.9 7.9 7.9 7.8 7.8 7.8 7.7 7.7 7.6 7.5 7.5 7.4 7.4 7.3 7.3 7.3 7.2 7.2 7.3 7.3 7.3 7.4 7.5 7.5 7.6 7.6 7.6
8.0 8.0 8.0 8.0 -9999 -9999 -9999 -9999 -9999 -9999 -9999 -9999 -9999 -9999 -9999 -9999 -9999 -9999 -9999 -9999 -9999 8.1 8.1 8.1 8.1 8.2 8.2 8.2 8.2 8.2 8.2 8.2 8.2 8.2 8.2 8.2 8.2 8.2 8.2 8.2 8.2 8.2 8.2 8.2 8.2 8.2 8.2 8.2 8.2 8.2 8.2 8.3 8.3 8.3 8.3 8.3 8.2 8.2 8.2 8.1 8.1 8.0 8.0 8.0 7.9 7.9 7.9 7.9 7.8 7.8 7.8 7.7 7.7 7.6 7.5 7.5 7.4 7.4 7.3 7.3 7.2 7.2 7.2 7.2 7.2 7.3 7.4 7.5 7.5 7.6 7.7 7.7
-9999 -9999 -9999 -9999 -9999 -9999 -9999 -9999 -9999 -9999 -9999 -9999 -9999 -9999 -9999 -9999 -9999 -9999 -9999 -9999 -9999 8.1 8.1 8.1 8.1 8.1 8.2 8.2 8.2 8.2 8.2 8.2 8.2 8.2 8.2 8.2 8.2 8.2 8.2 8.2 8.2 8.2 8.2 8.2 8.2 8.2 8.2 8.2 8.2 8.2 8.2 8.2 8.3 8.3 8.3 8.3 8.2 8.2 8.2 8.1 8.1 8.0 8.0 8.0 7.9 7.9 7.9 7.8 7.8 7.8 7.7 7.7 7.6 7.6 7.5 7.4 7.4 7.3 7.3 7.2 7.2 7.1 7.1 7.2 7.2 7.3 7.4 7.5 7.5 7.6 7.7 7.7
-9999 -9999 -9999 -9999 -9999 -9999 -9999 -9999 -9999 -9999 -9999 -9999 -9999 -9999 -9999 -9999 -9999 -9999 -9999 -9999 -9999 -9999 8.0 8.0 8.0 8.1 8.1 8.1 8.2 8.2 8.2 8.2 8.2 8.2 8.2 8.2 8.2 8.2 8.2 8.2 8.2 8.2 8.2 8.2 8.2 8.2 8.2 8.2 8.2 8.2 8.2 8.2 8.2 8.3 8.3 8.2 8.2 8.2 8.1 8.1 8.1 8.0 8.0 7.9 7.9 7.9 7.8 7.8 7.8 7.7 7.7 7.6 7.5 7.5 7.5 7.4 7.4 7.3 7.2 7.2 7.2 7.1 7.1 7.2 7.2 7.3 7.4 7.5 7.5 7.6 7.7 7.7
-9999 -9999 -9999 -9999 -9999 -9999 -9999 -9999 -9999 -9999 -9999 -9999 -9999 -9999 -9999 -9999 -9999 -9999 -9999 -9999 -9999 -9999 8.0 8.0 8.0 8.0 8.1 8.1 8.1 8.1 8.2 8.2 8.2 8.2 8.2 8.2 8.2 8.2 8.2 8.2 8.2 8.2 8.2 8.2 8.2 8.2 8.2 8.2 8.2 8.2 8.2 8.2 8.2 8.2 8.2 8.2 8.2 8.1 8.1 8.1 8.0 8.0 8.0 7.9 7.9 7.8 7.8 7.8 7.7 7.7 7.6 7.5 7.5 7.5 7.4 7.4 7.3 7.3 7.2 7.2 7.2 7.1 7.1 7.2 7.2 7.3 7.3 7.4 7.5 7.6 7.7 7.7
-9999 -9999 -9999 -9999 -9999 -9999 -9999 -9999 -9999 -9999 -9999 -9999 -9999 -9999 -9999 -9999 -9999 -9999 -9999 -9999 -9999 -9999 -9999 8.0 8.0 8.0 8.0 8.1 8.1 8.1 8.1 8.1 8.2 8.2 8.2 8.2 8.2 8.2 8.2 8.2 8.2 8.2 8.2 8.2 8.2 8.2 8.2 8.2 8.2 8.2 8.2 8.2 8.2 8.2 8.2 8.2 8.2 8.1 8.1 8.0 8.0 8.0 8.0 7.9 7.9 7.8 7.8 7.7 7.7 7.6 7.5 7.5 7.4 7.4 7.4 7.3 7.3 7.3 7.2 7.2 7.2 7.2 7.2 7.2 7.2 7.3 7.4 7.4 7.5 7.6 7.6 7.7
-9999 -9999 -9999 -9999 -9999 -9999 -9999 -9999 -9999 -9999 -9999 -9999 -9999 -9999 -9999 -9999 -9999 -9999 -9999 -9999 -9999 -9999 -9999 -9999 8.0 8.0 8.0 8.0 8.0 8.1 8.1 8.1 8.1 8.2 8.2 8.2 8.2 8.2 8.2 8.2 8.2 8.2 8.2 8.2 8.2 8.2 8.2 8.2 8.2 8.2 8.2 8.2 8.2 8.2 8.2 8.2 8.1 8.1 8.1 8.0 8.0 8.0 8.0 7.9 7.9 7.8 7.7 7.6 7.6 7.5 7.5 7.4 7.4 7.4 7.3 7.3 7.3 7.3 7.2 7.2 7.2 7.2 7.2 7.2 7.3 7.3 7.4 7.4 7.5 7.5 7.6 7.6
-9999 -9999 -9999 -9999 -9999 -9999 -9999 -9999 -9999 -9999 -9999 -9999 -9999 -9999 -9999 -9999 -9999 -9999 -9999 -9999 -9999 -9999 -9999 -9999 -9999 8.0 8.0 8.0 8.0 8.0 8.1 8.1 8.1 8.1 8.2 8.2 8.2 8.2 8.2 8.2 8.2 8.2 8.2 8.2 8.2 8.2 8.2 8.2 8.2 8.2 8.2 8.2 8.2 8.2 8.2 8.2 8.1 8.1 8.0 8.0 8.0 7.9 7.9 7.9 7.8 7.7 7.6 7.6 7.5 7.5 7.4 7.4 7.4 7.3 7.3 7.3 7.3 7.3 7.3 7.2 7.2 7.2 7.2 7.3 7.3 7.3 7.4 7.4 7.5 7.5 7.6 7.6
-9999 -9999 -9999 -9999 -9999 -9999 -9999 -9999 -9999 -9999 -9999 -9999 -9999 -9999 -9999 -9999 -9999 -9999 -9999 -9999 -9999 -9999 -9999 -9999 -9999 -9999 8.0 8.0 8.0 8.0 8.0 8.1 8.1 8.1 8.1 8.1 8.2 8.2 8.2 8.2 8.2 8.2 8.2 8.2 8.2 8.2 8.2 8.2 8.2 8.3 8.3 8.3 8.3 8.2 8.2 8.2 8.1 8.1 8.0 8.0 7.9 7.9 7.9 7.8 7.7 7.6 7.5 7.4 7.4 7.4 7.4 7.4 7.4 7.4 7.3 7.3 7.3 7.3 7.3 7.3 7.3 7.3 7.3 7.3 7.3 7.4 7.4 7.4 7.5 7.5 7.5 7.6
-9999 -9999 -9999 -9999 -9999 -9999 -9999 -9999 -9999 -9999 -9999 -9999 -9999 -9999 -9999 -9999 -9999 -9999 -9999 -9999 -9999 -9999 -9999 -9999 -9999 -9999 -9999 8.0 8.0 8.0 8.0 8.0 8.1 8.1 8.1 8.1 8.1 8.1 8.1 8.2 8.2 8.2 8.2 8.2 8.2 8.2 8.2 8.2 8.3 8.3 8.3 8.3 8.3 8.2 8.2 8.2 8.1 8.1 8.0 7.9 7.9 7.8 7.7 7.6 7.5 7.4 7.4 7.3 7.3 7.3 7.3 7.4 7.4 7.4 7.4 7.4 7.3 7.3 7.3 7.3 7.3 7.3 7.3 7.3 7.4 7.4 7.4 7.4 7.5 7.5 7.5 7.5
-9999 -9999 -9999 -9999 -9999 -9999 -9999 -9999 -9999 -9999 -9999 -9999 -9999 -9999 -9999 -9999 -9999 -9999 -9999 -9999 -9999 -9999 -9999 -9999 -9999 -9999 -9999 -9999 8.0 8.0 8.0 8.0 8.0 8.0 8.1 8.1 8.1 8.1 8.1 8.1 8.1 8.1 8.2 8.2 8.2 8.2 8.2 8.2 8.2 8.2 8.2 8.2 8.2 8.2 8.2 8.2 8.1 8.1 8.0 7.9 7.8 7.7 7.6 7.5 7.4 7.3 7.2 7.2 7.2 7.2 7.3 7.3 7.4 7.4 7.4 7.4 7.4 7.4 7.4 7.4 7.4 7.4 7.4 7.4 7.4 7.4 7.4 7.5 7.5 7.5 7.5 7.5
-9999 -9999 -9999 -9999 -9999 -9999 -9999 -9999 -9999 -9999 -9999 -9999 -9999 -9999 -9999 -9999 -9999 -9999 -9999 -9999 -9999 -9999 -9999 -9999 -9999 -9999 -9999 -9999 -9999 -9999 8.0 8.0 8.0 8.0 8.0 8.0 8.1 8.1 8.1 8.1 8.1 8.1 8.1 8.1 8.1 8.2 8.2 8.2 8.2 8.2 8.2 8.2 8.2 8.2 8.2 8.1 8.1 8.1 8.0 7.8 7.7 7.6 7.4 7.3 7.2 7.2 7.1 7.1 7.1 7.2 7.2 7.3 7.3 7.4 7.4 7.4 7.4 7.4 7.4 7.4 7.4 7.4 7.4 7.4 7.4 7.4 7.5 7.5 7.5 7.5 7.5 7.5
-9999 -9999 -9999 -9999 -9999 -9999 -9999 -9999 -9999 -9999 -9999 -9999 -9999 -9999 -9999 -9999 -9999 -9999 -9999 -9999 -9999 -9999 -9999 -9999 -9999 -9999 -9999 -9999 -9999 -9999 -9999 -9999 8.0 8.0 8.0 8.0 8.0 8.1 8.1 8.1 8.1 8.1 8.1 8.1 8.1 8.1 8.1 8.1 8.1 8.1 8.1 8.1 8.1 8.1 8.1 8.1 8.1 8.0 7.9 7.8 7.6 7.4 7.3 7.2 7.1 7.0 7.0 7.0 7.1 7.1 7.2 7.2 7.3 7.3 7.4 7.4 7.4 7.4 7.4 7.4 7.4 7.4 7.4 7.4 7.5 7.5 7.5 7.5 7.5 7.5 7.5 7.6
-9999 -9999 -9999 -9999 -9999 -9999 -9999 -9999 -9999 -9999 -9999 -9999 -9999 -9999 -9999 -9999 -9999 -9999 -9999 -9999 -9999 -9999 -9999 -9999 -9999 -9999 -9999 -9999 -9999 -9999 -9999 -9999 -9999 -9999 8.0 8.0 8.0 8.0 8.0 8.0 8.0 8.0 8.0 8.1 8.1 8.1 8.1 8.1 8.1 8.1 8.1 8.1 8.1 8.1 8.1 8.1 8.1 8.0 7.9 -9999 7.5 7.3 7.1 7.0 7.0 6.9 6.9 7.0 7.0 7.1 7.1 7.2 7.2 7.3 7.3 7.4 7.4 7.4 7.4 7.4 7.4 7.4 7.4 7.5 7.5 7.5 7.5 7.5 7.5 7.5 7.5 7.6
-9999 -9999 -9999 -9999 -9999 -9999 -9999 -9999 -9999 -9999 -9999 -9999 -9999 -9999 -9999 -9999 -9999 -9999 -9999 -9999 -9999 -9999 -9999 -9999 -9999 -9999 -9999 -9999 -9999 -9999 -9999 -9999 -9999 -9999 -9999 -9999 -9999 8.1 8.0 8.0 8.0 8.0 8.0 8.0 8.0 8.0 8.1 8.0 8.0 8.0 8.0 8.0 8.1 8.1 8.1 -9999 -9999 -9999 -9999 -9999 -9999 -9999 7.0 6.9 6.9 6.9 6.9 6.9 6.9 6.9 7.0 7.0 7.1 7.1 7.2 7.3 7.3 7.4 7.4 7.4 7.4 7.5 7.5 7.5 7.5 7.5 7.5 7.5 7.5 7.5 7.5 7.6
-9999 -9999 -9999 -9999 -9999 -9999 -9999 -9999 -9999 -9999 -9999 -9999 -9999 -9999 -9999 -9999 -9999 -9999 -9999 -9999 -9999 -9999 -9999 -9999 -9999 -9999 -9999 -9999 -9999 -9999 -9999 -9999 -9999 -9999 -9999 -9999 -9999 -9999 -9999 -9999 -9999 -9999 -9999 -9999 8.1 8.1 8.1 8.1 8.1 -9999 -9999 -9999 -9999 -9999 -9999 -9999 -9999 -9999 -9999 -9999 -9999 -9999 -9999 6.8 6.8 6.8 6.8 6.8 6.8 6.8 6.9 6.9 7.0 7.0 7.1 7.1 7.2 7.3 7.3 7.4 7.5 7.5 7.5 7.5 7.5 7.5 7.5 7.5 7.5 7.5 7.5 7.6
-9999 -9999 -9999 -9999 -9999 -9999 -9999 -9999 -9999 -9999 -9999 -9999 -9999 -9999 -9999 -9999 -9999 -9999 -9999 -9999 -9999 -9999 -9999 -9999 -9999 -9999 -9999 -9999 -9999 -9999 -9999 -9999 -9999 -9999 -9999 -9999 -9999 -9999 -9999 -9999 -9999 -9999 -9999 -9999 -9999 -9999 -9999 -9999 -9999 -9999 -9999 -9999 -9999 -9999 -9999 -9999 -9999 -9999 -9999 -9999 -9999 -9999 -9999 -9999 -9999 6.8 6.8 6.8 6.8 6.8 6.8 6.8 6.8 6.9 6.9 7.0 7.0 7.1 7.2 7.3 7.4 7.4 7.5 7.5 7.5 7.5 7.5 7.5 7.5 7.5 7.5 7.5
-9999 -9999 -9999 -9999 -9999 -9999 -9999 -9999 -9999 -9999 -9999 -9999 -9999 -9999 -9999 -9999 -9999 -9999 -9999 -9999 -9999 -9999 -9999 -9999 -9999 -9999 -9999 -9999 -9999 -9999 -9999 -9999 -9999 -9999 -9999 -9999 -9999 -9999 -9999 -9999 -9999 -9999 -9999 -9999 -9999 -9999 -9999 -9999 -9999 -9999 -9999 -9999 -9999 -9999 -9999 -9999 -9999 -9999 -9999 -9999 -9999 -9999 -9999 -9999 -9999 -9999 6.7 6.7 6.7 6.7 6.7 6.7 6.7 6.7 6.8 6.8 6.9 7.0 7.1 7.1 7.2 7.3 7.4 7.4 7.4 7.5 7.5 7.5 7.5 7.5 7.5 7.6
-9999 -9999 -9999 -9999 -9999 -9999 -9999 -9999 -9999 -9999 -9999 -9999 -9999 -9999 -9999 -9999 -9999 -9999 -9999 -9999 -9999 -9999 -9999 -9999 -9999 -9999 -9999 -9999 -9999 -9999 -9999 -9999 -9999 -9999 -9999 -9999 -9999 -9999 -9999 -9999 -9999 -9999 -9999 -9999 -9999 -9999 -9999 -9999 -9999 -9999 -9999 -9999 -9999 -9999 -9999 -9999 -9999 -9999 -9999 -9999 -9999 -9999 -9999 -9999 -9999 -9999 -9999 -9999 6.6 6.6 6.6 6.6 6.6 6.6 6.7 6.7 6.7 6.8 6.9 7.0 7.1 7.1 7.2 7.3 7.3 7.3 7.3 7.3 7.4 7.5 7.5 7.6
