GISFiles/CIs/5-min/10-yr_smoothed_gridded_confidence_intervals_low.asc
ncols 390
nrows 190
xllcorner -71.475
yllcorner 42.525
cellsize 0.05
nodata_value -9999
[rows 82 to 122 of 190, columns 184 to 275 of 390]
6.5 6.5 6.5 6.5 6.5 6.5 6.5 6.5 6.5 6.5 6.5 6.5 6.5 6.5 6.5 6.5 6.5 6.5 6.5 6.5 6.5 6.5 6.5 6.5 6.5 6.5 6.5 6.5 6.5 6.5 6.5 6.5 6.4 6.4 6.3 6.4 6.4 6.6 6.7 6.8 7.0 7.0 7.0 7.1 7.1 7.1 7.1 7.0 7.0 7.0 7.0 7.0 7.0 6.9 6.9 6.8 6.8 6.8 6.7 6.7 6.7 6.7 6.7 6.7 6.8 6.9 6.9 7.0 7.1 7.1 7.2 7.2 7.2 7.2 7.3 7.3 7.3 7.3 7.3 7.4 7.4 7.4 7.4 7.4 7.5 7.5 7.5 7.6 7.6 7.6 7.6 7.7
6.5 6.5 6.5 6.5 6.5 6.5 6.5 6.5 6.5 6.5 6.5 6.5 6.5 6.5 6.5 6.5 6.5 6.5 6.5 6.5 6.5 6.5 6.5 6.5 6.5 6.5 6.5 6.5 6.5 6.5 6.5 6.5 6.5 6.4 6.4 6.4 6.5 6.6 6.8 6.9 7.0 7.1 7.1 7.1 7.1 7.1 7.1 7.1 7.0 7.0 7.0 7.0 7.0 7.0 6.9 6.9 6.8 6.8 6.8 6.8 6.7 6.7 6.8 6.8 6.9 6.9 7.0 7.1 7.1 7.2 7.2 7.2 7.3 7.3 7.3 7.3 7.3 7.3 7.4 7.4 7.4 7.4 7.5 7.5 7.5 7.5 7.6 7.6 7.6 7.7 7.7 7.7
6.5 6.5 6.5 6.5 6.5 6.5 6.5 6.5 6.5 6.5 6.5 6.5 6.5 6.5 6.5 6.5 6.5 6.5 6.5 6.5 6.5 6.5 6.5 6.5 6.5 6.5 6.5 6.5 6.5 6.5 6.5 6.5 6.5 6.4 6.4 6.5 6.6 6.7 6.8 7.0 7.0 7.1 7.1 7.1 7.1 7.1 7.1 7.1 7.1 7.1 7.0 7.0 7.0 7.0 7.0 7.0 6.9 6.9 6.9 6.9 6.9 6.9 6.9 6.9 7.0 7.0 7.1 7.2 7.2 7.2 7.3 7.3 7.3 7.3 7.3 7.3 7.4 7.4 7.4 7.4 7.4 7.5 7.5 7.5 7.6 7.6 7.6 7.7 7.7 7.7 7.8 7.8
6.5 6.5 6.5 6.5 6.5 6.5 6.5 6.5 6.5 6.5 6.5 6.5 6.5 6.5 6.5 6.5 6.5 6.5 6.5 6.5 6.5 6.5 6.5 6.5 6.5 6.5 6.5 6.5 6.5 6.5 6.5 6.5 6.5 6.5 6.5 6.6 6.6 6.7 6.9 7.0 7.0 7.1 7.1 7.1 7.1 7.1 7.1 7.1 7.1 7.1 7.1 7.1 7.1 7.0 7.0 7.0 7.0 7.0 7.0 7.0 7.0 7.0 7.0 7.1 7.1 7.2 7.2 7.2 7.3 7.3 7.3 7.3 7.4 7.4 7.4 7.4 7.4 7.4 7.4 7.5 7.5 7.5 7.6 7.6 7.6 7.6 7.7 7.7 7.8 7.8 7.8 7.8
6.5 6.5 6.5 6.5 6.5 6.5 6.5 6.5 6.5 6.5 6.5 6.5 6.5 6.5 6.5 6.5 6.5 6.5 6.5 6.5 6.5 6.5 6.5 6.6 6.6 6.6 6.6 6.6 6.6 6.6 6.6 6.6 6.6 6.6 6.6 6.7 6.7 6.8 6.9 7.0 7.0 7.1 7.1 7.1 7.1 7.1 7.1 7.1 7.1 7.1 7.1 7.1 7.1 7.1 7.1 7.1 7.1 7.1 7.1 7.1 7.2 7.2 7.2 7.2 7.2 7.3 7.3 7.3 7.4 7.4 7.4 7.4 7.4 7.4 7.4 7.4 7.4 7.5 7.5 7.5 7.5 7.6 7.6 7.6 7.7 7.7 7.7 7.8 7.8 7.8 7.9 7.9
6.5 6.5 6.5 6.5 6.5 6.5 6.5 6.5 6.5 6.5 6.5 6.5 6.5 6.5 6.5 6.5 6.5 6.5 6.5 6.5 6.5 6.6 6.6 6.6 6.6 6.5 6.5 6.6 6.6 6.6 6.7 6.7 6.8 6.8 6.9 6.9 7.0 7.1 7.1 7.2 7.2 7.2 7.2 7.2 7.2 7.2 7.2 7.2 7.2 7.1 7.1 7.1 7.1 7.1 7.2 7.2 7.2 7.2 7.2 7.3 7.3 7.3 7.3 7.3 7.3 7.4 7.4 7.4 7.4 7.4 7.4 7.4 7.4 7.4 7.5 7.5 7.5 7.5 7.5 7.6 7.6 7.6 7.6 7.7 7.7 7.7 7.7 7.8 7.8 7.8 7.9 7.9
6.5 6.5 6.5 6.5 6.5 6.5 6.5 6.5 6.5 6.5 6.5 6.5 6.5 6.5 6.5 6.5 6.5 6.5 6.5 6.5 6.6 6.6 6.6 6.6 6.6 6.6 6.7 6.7 6.7 6.8 6.9 6.9 7.0 7.1 7.1 7.2 7.2 7.3 7.3 7.4 7.4 7.4 7.4 7.4 7.3 7.3 7.3 7.3 7.2 7.2 7.2 7.2 7.2 7.2 7.2 7.2 7.2 7.3 7.3 7.3 7.4 7.4 7.4 7.4 7.4 7.4 7.4 7.4 7.5 7.5 7.5 7.5 7.5 7.5 7.5 7.5 7.5 7.5 7.6 7.6 7.6 7.6 7.7 7.7 7.7 7.7 7.8 7.8 7.8 7.8 7.9 7.9
6.5 6.5 6.5 6.5 6.5 6.5 6.5 6.5 6.5 6.5 6.5 6.5 6.5 6.5 6.5 6.5 6.5 6.5 6.5 6.5 6.5 6.5 6.6 6.6 6.7 6.7 6.8 6.9 7.0 7.1 7.1 7.2 7.3 7.4 7.5 7.5 7.6 7.6 7.6 7.6 7.6 7.6 7.6 7.5 7.5 7.5 7.5 7.4 7.4 7.3 7.3 7.3 7.3 7.2 7.2 7.2 7.3 7.3 7.3 7.4 7.4 7.4 7.4 7.4 7.4 7.4 7.4 7.5 7.5 7.5 7.5 7.5 7.5 7.5 7.5 7.5 7.5 7.6 7.6 7.6 7.6 7.7 7.7 7.7 7.7 7.7 7.8 7.8 7.8 7.8 7.9 7.9
6.5 6.5 6.5 6.5 6.5 6.5 6.5 6.5 6.5 6.5 6.5 6.5 6.5 6.5 6.5 6.5 6.5 6.5 6.5 6.5 6.6 6.6 6.7 6.7 6.9 7.0 7.1 7.2 7.2 7.3 7.4 7.5 7.6 7.7 7.8 7.8 7.9 7.9 7.9 7.8 7.8 7.8 7.8 7.8 7.7 7.7 7.6 7.6 7.6 7.5 7.5 7.4 7.4 7.3 7.3 7.3 7.3 7.3 7.3 7.4 7.4 7.4 7.4 7.4 7.4 7.4 7.4 7.5 7.5 7.5 7.5 7.5 7.5 7.5 7.5 7.5 7.6 7.6 7.6 7.6 7.6 7.7 7.7 7.7 7.7 7.8 7.8 7.8 7.8 7.8 7.9 7.9
6.5 6.5 6.5 6.5 6.5 6.5 6.5 6.5 6.5 6.5 6.5 6.5 6.5 6.5 6.5 6.5 6.5 6.5 6.5 6.6 6.7 6.7 6.9 7.0 7.1 7.2 7.3 7.4 7.5 7.6 7.7 7.8 7.9 8.0 8.1 8.1 8.1 8.2 8.1 8.1 8.1 8.0 8.0 8.0 7.9 7.9 7.9 7.8 7.7 7.7 7.6 7.6 7.5 7.5 7.4 7.4 7.4 7.3 7.3 7.4 7.4 7.4 7.4 7.4 7.4 7.4 7.4 7.4 7.5 7.5 7.5 7.5 7.5 7.5 7.5 7.5 7.6 7.6 7.6 7.6 7.6 7.7 7.7 7.7 7.7 7.8 7.8 7.8 7.8 7.8 7.9 7.9
6.5 6.5 6.5 6.5 6.5 6.5 6.5 6.5 6.5 6.5 6.5 6.5 6.5 6.5 6.5 6.5 6.5 6.5 6.6 6.7 6.8 7.0 7.1 7.2 7.3 7.5 7.6 7.7 7.8 7.9 7.9 8.0 8.1 8.1 8.2 8.2 8.2 8.3 8.2 8.2 8.2 8.2 8.1 8.1 8.1 8.1 8.1 8.0 8.0 7.9 7.8 7.7 7.7 7.6 7.6 7.5 7.5 7.4 7.4 7.3 7.4 7.4 7.4 7.4 7.4 7.4 7.4 7.4 7.4 7.5 7.5 7.5 7.5 7.5 7.5 7.6 7.6 7.6 7.6 7.6 7.7 7.7 7.7 7.7 7.8 7.8 7.8 7.8 7.8 7.8 7.9 7.9
6.4 6.4 6.4 6.4 6.4 6.5 6.5 6.5 6.5 6.5 6.5 6.5 6.5 6.5 6.5 6.5 6.5 6.7 6.8 6.9 7.0 7.2 7.3 7.5 7.6 7.7 7.8 7.9 8.0 8.0 8.1 8.1 8.1 8.2 8.2 8.3 8.3 8.3 8.4 8.3 8.3 8.3 8.2 8.2 8.2 8.2 8.2 8.1 8.1 8.1 8.0 8.0 7.9 7.8 7.7 7.7 7.6 7.5 7.4 7.4 7.3 7.4 7.4 7.4 7.4 7.4 7.4 7.4 7.4 7.4 7.5 7.5 7.5 7.5 7.5 7.6 7.6 7.6 7.6 7.6 7.7 7.7 7.7 7.8 7.8 7.8 7.8 7.8 7.8 7.9 7.9 7.9
6.4 6.4 6.4 6.4 6.4 6.4 6.4 6.4 6.4 6.4 6.4 6.5 6.5 6.5 6.5 6.5 6.7 6.8 6.9 7.1 7.2 7.4 7.5 7.6 7.7 7.8 7.9 8.0 8.0 8.1 8.1 8.1 8.2 8.2 8.3 8.3 8.4 8.4 8.4 8.4 8.4 8.3 8.3 8.3 8.3 8.3 8.3 8.2 8.2 8.2 8.2 8.1 8.1 8.0 7.9 7.8 7.7 7.6 7.5 7.4 7.4 7.3 7.3 7.3 7.3 7.3 7.4 7.4 7.4 7.4 7.4 7.5 7.5 7.5 7.5 7.6 7.6 7.6 7.6 7.7 7.7 7.7 7.8 7.8 7.8 7.8 7.8 7.8 7.8 7.9 7.9 7.9
6.4 6.4 6.4 6.4 6.4 6.4 6.4 6.4 6.4 6.4 6.4 6.4 6.4 6.5 6.5 6.6 6.8 6.9 7.1 7.3 7.4 7.6 7.7 7.8 7.8 7.9 7.9 7.9 8.0 8.0 8.1 8.1 8.1 8.2 8.3 8.3 8.4 8.5 8.5 8.5 8.5 8.4 8.4 8.4 8.3 8.3 8.3 8.3 8.3 8.3 8.3 8.2 8.2 8.2 8.1 8.0 7.9 7.8 7.6 7.5 7.4 7.3 7.3 7.3 7.3 7.3 7.3 7.3 7.4 7.4 7.4 7.5 7.5 7.5 7.6 7.6 7.6 7.6 7.7 7.7 7.7 7.7 7.8 7.8 7.8 7.8 7.8 7.8 7.9 7.9 7.9 7.9
6.4 6.4 6.4 6.4 6.4 6.4 6.4 6.4 6.4 6.4 6.4 6.4 6.4 6.5 6.6 6.7 6.9 7.1 7.3 7.4 7.6 7.7 7.7 7.8 7.8 7.9 7.9 7.9 7.9 8.0 8.0 8.0 8.1 8.2 8.2 8.3 8.4 8.5 8.5 8.5 8.5 8.5 8.5 8.4 8.4 8.4 8.4 8.4 8.4 8.4 8.3 8.3 8.3 8.3 8.2 8.2 8.1 7.9 7.8 7.6 7.5 7.4 7.3 7.3 7.3 7.3 7.3 7.3 7.3 7.4 7.4 7.4 7.5 7.5 7.6 7.6 7.7 7.7 7.7 7.7 7.7 7.8 7.8 7.8 7.8 7.8 7.8 7.9 7.9 7.9 7.9 8.0
6.4 6.4 6.4 6.4 6.4 6.4 6.4 6.4 6.4 6.4 6.4 6.4 6.4 6.6 6.7 6.9 7.0 7.2 7.4 7.5 7.6 7.7 7.7 7.8 7.8 7.8 7.8 7.8 7.9 7.9 7.9 8.0 8.0 8.1 8.2 8.3 8.4 8.5 8.5 8.6 8.6 8.6 8.5 8.5 8.5 8.4 8.4 8.4 8.4 8.4 8.4 8.4 8.4 8.4 8.3 8.3 8.2 8.1 8.0 7.8 7.7 7.5 7.4 7.3 7.3 7.3 7.3 7.3 7.3 7.3 7.4 7.4 7.5 7.5 7.6 7.7 7.7 7.7 7.7 7.8 7.8 7.8 7.8 7.8 7.8 7.8 7.9 7.9 7.9 7.9 8.0 8.0
6.4 6.4 6.4 6.4 6.4 6.4 6.4 6.4 6.4 6.4 6.4 6.4 6.5 6.7 6.8 7.0 7.2 7.3 7.5 7.6 7.6 7.7 7.7 7.7 7.7 7.7 7.7 7.8 7.8 7.8 7.8 7.9 8.0 8.0 8.2 8.3 8.4 8.5 8.5 8.5 8.6 8.6 8.6 8.6 8.6 8.5 8.5 8.5 8.5 8.5 8.5 8.5 8.4 8.4 8.4 8.4 8.4 8.3 8.2 8.0 7.9 7.7 7.5 7.4 7.3 7.3 7.3 7.3 7.3 7.4 7.4 7.4 7.5 7.6 7.6 7.7 7.7 7.8 7.8 7.8 7.8 7.8 7.8 7.8 7.8 7.9 7.9 7.9 7.9 8.0 8.0 8.0
6.4 6.4 6.4 6.4 6.4 6.4 6.4 6.4 6.4 6.4 6.4 6.5 6.6 6.8 6.9 7.1 7.3 7.4 7.5 7.5 7.6 7.6 7.7 7.7 7.7 7.7 7.7 7.7 7.7 7.7 7.8 7.8 7.9 8.0 8.1 8.2 8.3 8.4 8.5 8.6 8.6 8.6 8.6 8.6 8.6 8.6 8.6 8.5 8.5 8.5 8.5 8.5 8.5 8.5 8.5 8.5 8.5 8.4 8.4 8.2 8.1 7.9 7.7 7.5 7.4 7.3 7.4 7.4 7.4 7.4 7.4 7.5 7.5 7.6 7.6 7.7 7.7 7.7 7.8 7.8 7.8 7.8 7.8 7.8 7.8 7.9 7.9 7.9 8.0 8.0 8.0 8.0
6.5 6.4 6.4 6.4 6.4 6.4 6.4 6.4 6.4 6.4 6.4 6.5 6.7 6.9 7.0 7.2 7.4 7.4 7.5 7.5 7.5 7.6 7.6 7.6 7.6 7.6 7.6 7.6 7.6 7.6 7.7 7.7 7.8 7.9 8.1 8.2 8.3 8.4 8.5 8.6 8.6 8.6 8.7 8.7 8.7 8.6 8.6 8.6 8.5 8.5 8.5 8.5 8.5 8.5 8.5 8.6 8.5 8.5 8.5 8.4 8.3 8.1 7.9 7.7 7.5 7.4 7.4 7.4 7.4 7.4 7.4 7.5 7.5 7.6 7.6 7.6 7.7 7.7 7.7 7.8 7.8 7.8 7.8 7.8 7.9 7.9 7.9 8.0 8.0 8.0 8.0 8.0
6.5 6.5 6.4 6.4 6.4 6.4 6.4 6.4 6.4 6.4 6.5 6.6 6.8 7.0 7.1 7.3 7.4 7.4 7.4 7.5 7.5 7.5 7.5 7.6 7.6 7.6 7.5 7.5 7.5 7.5 7.5 7.6 7.7 7.9 8.1 8.2 8.3 8.5 8.5 8.6 8.6 8.7 8.7 8.7 8.7 8.7 8.7 8.6 8.6 8.6 8.6 8.6 8.6 8.6 8.6 8.6 8.6 8.6 8.6 8.6 8.4 8.2 8.0 7.8 7.6 7.5 7.4 7.4 7.5 7.5 7.5 7.5 7.5 7.5 7.6 7.6 7.6 7.7 7.7 7.7 7.8 7.8 7.8 7.9 7.9 7.9 8.0 8.0 8.0 8.0 8.0 8.0
6.5 6.5 6.5 6.5 6.4 6.4 6.4 6.4 6.4 6.4 6.5 6.7 6.8 7.0 7.2 7.3 7.4 7.4 7.4 7.4 7.5 7.5 7.5 7.5 7.5 7.5 7.5 7.4 7.4 7.4 7.5 7.6 7.7 7.9 8.1 8.3 8.4 8.5 8.6 8.7 8.7 8.7 8.7 8.7 8.7 8.7 8.7 8.7 8.7 8.6 8.6 8.6 8.6 8.6 8.6 8.6 8.6 8.7 8.7 8.6 8.6 8.4 8.2 7.9 7.7 7.6 7.5 7.5 7.5 7.5 7.5 7.5 7.5 7.5 7.5 7.6 7.6 7.6 7.7 7.7 7.8 7.8 7.8 7.9 7.9 7.9 8.0 8.0 8.0 8.0 8.0 8.0
6.6 6.5 6.5 6.5 6.5 6.5 6.5 6.4 6.4 6.5 6.6 6.7 6.9 7.1 7.3 7.4 7.4 7.4 7.4 7.4 7.4 7.4 7.4 7.4 7.4 7.4 7.4 7.4 7.4 7.4 7.5 7.6 7.8 8.0 8.2 8.4 8.5 8.7 8.7 8.8 8.8 8.8 8.8 8.8 8.8 8.7 8.7 8.7 8.7 8.7 8.6 8.7 8.6 8.7 8.7 8.7 8.7 8.7 8.7 8.7 8.7 8.5 8.3 8.1 7.8 7.6 7.6 7.5 7.5 7.5 7.5 7.5 7.5 7.5 7.5 7.5 7.5 7.6 7.6 7.7 7.8 7.8 7.8 7.9 8.0 8.0 8.0 8.0 8.0 8.0 8.0 8.0
6.6 6.6 6.6 6.5 6.5 6.5 6.5 6.5 6.5 6.5 6.6 6.8 6.9 7.1 7.3 7.3 7.4 7.4 7.4 7.4 7.4 7.4 7.4 7.3 7.3 7.3 7.3 7.3 7.3 7.4 7.5 7.7 7.9 8.1 8.3 8.5 8.7 8.8 8.9 8.9 8.9 8.9 8.8 8.8 8.8 8.8 8.7 8.7 8.7 8.7 8.7 8.7 8.7 8.7 8.7 8.7 8.7 8.8 8.8 8.8 8.7 8.6 8.4 8.1 7.9 7.7 7.6 7.5 7.5 7.5 7.5 7.5 7.5 7.5 7.5 7.5 7.5 7.5 -9999 -9999 -9999 -9999 -9999 -9999 -9999 8.0 8.0 8.0 8.0 8.0 8.0 8.0
6.5 6.6 6.6 6.6 6.6 6.5 6.5 6.5 6.5 6.6 6.7 6.8 7.0 7.2 7.3 7.3 7.3 7.4 7.4 7.4 7.4 7.3 7.3 7.3 7.3 7.2 7.2 7.2 7.3 7.4 7.6 7.8 8.0 8.3 8.5 8.7 8.8 8.9 9.0 9.0 9.0 8.9 8.9 8.8 8.8 8.8 8.7 8.7 8.7 8.7 8.7 8.7 8.7 8.7 8.7 8.8 8.8 8.8 8.8 8.8 8.8 8.7 8.5 8.3 8.0 7.8 7.7 7.6 7.6 7.5 7.5 7.5 7.5 7.5 7.5 -9999 -9999 -9999 -9999 -9999 -9999 -9999 -9999 -9999 -9999 -9999 -9999 -9999 -9999 -9999 -9999 8.0
6.5 6.5 6.6 6.6 6.6 6.6 6.5 6.5 6.5 6.6 6.7 6.9 7.0 7.2 7.3 7.3 7.3 7.3 7.3 7.3 7.3 7.3 7.3 7.3 7.2 7.2 7.2 7.3 7.3 7.5 7.7 7.9 8.2 8.4 8.7 8.9 9.0 9.1 9.1 9.1 9.0 9.0 8.9 8.9 8.8 8.8 8.7 8.7 8.7 8.6 8.6 8.7 8.7 8.7 8.7 8.8 8.8 8.8 8.8 8.9 8.8 8.7 8.5 8.4 8.1 7.9 7.7 -9999 -9999 -9999 -9999 -9999 -9999 -9999 -9999 -9999 -9999 -9999 -9999 -9999 -9999 -9999 -9999 -9999 -9999 -9999 -9999 -9999 -9999 -9999 -9999 -9999
6.5 6.5 6.5 6.5 6.5 6.5 6.5 6.6 6.6 6.6 6.7 6.9 7.0 7.2 7.3 7.3 7.3 7.3 7.3 7.3 7.3 7.3 7.3 7.3 7.2 7.2 7.2 7.3 7.4 7.6 7.8 8.1 8.3 8.6 8.8 9.0 9.1 9.2 9.2 9.2 9.1 9.0 8.9 8.9 8.8 8.7 8.7 8.7 8.6 8.6 8.6 8.6 8.7 8.7 8.7 8.8 8.8 8.9 8.9 8.9 8.9 8.8 8.6 8.4 8.2 8.0 7.8 7.8 -9999 -9999 -9999 -9999 -9999 -9999 -9999 -9999 -9999 -9999 -9999 -9999 -9999 -9999 -9999 -9999 -9999 -9999 -9999 -9999 -9999 -9999 -9999 -9999
6.5 6.5 6.5 6.5 6.5 6.5 6.5 6.6 6.6 6.6 6.8 6.9 7.0 7.2 7.2 7.3 7.3 7.3 7.3 7.3 7.3 7.3 7.3 7.3 7.2 7.2 7.3 7.4 7.5 7.7 7.9 8.2 8.4 8.7 8.9 9.1 9.2 9.3 9.2 9.2 9.1 9.0 8.9 8.8 8.8 8.7 8.6 8.6 8.6 8.6 8.6 8.6 8.6 8.7 8.7 8.8 8.8 8.9 8.9 8.9 8.9 8.8 8.6 8.4 8.2 8.0 7.9 7.9 -9999 -9999 -9999 -9999 -9999 -9999 -9999 -9999 -9999 -9999 -9999 -9999 -9999 -9999 -9999 -9999 -9999 -9999 -9999 -9999 -9999 -9999 -9999 -9999
6.5 6.5 6.5 6.5 6.5 6.5 6.6 6.6 6.6 6.7 6.8 6.9 7.0 7.2 7.2 7.3 7.3 7.3 7.3 7.3 7.3 7.3 7.3 7.3 7.3 7.3 7.3 7.4 7.6 7.8 8.0 8.2 8.5 8.7 8.9 9.1 9.2 9.2 9.2 9.2 9.1 9.0 8.9 8.8 8.7 8.6 8.6 8.5 8.5 8.5 8.5 8.5 8.6 8.6 8.7 8.8 8.8 8.8 8.8 8.8 8.8 8.7 8.6 8.4 8.2 8.0 7.9 7.9 7.9 -9999 -9999 -9999 -9999 -9999 -9999 -9999 -9999 -9999 -9999 -9999 -9999 -9999 -9999 -9999 -9999 -9999 -9999 -9999 -9999 -9999 -9999 -9999
6.5 6.5 6.5 6.5 6.5 6.6 6.6 6.6 6.6 6.7 6.8 6.9 7.0 7.1 7.2 7.3 7.3 7.3 7.3 7.3 7.3 7.2 7.2 7.2 7.3 7.3 7.4 7.5 7.6 7.8 8.0 8.2 8.5 8.7 8.9 9.0 9.1 9.1 9.1 9.0 8.9 8.9 8.8 8.7 8.6 8.5 8.5 8.5 8.4 8.4 8.4 8.5 8.5 8.6 8.7 8.7 8.8 8.8 8.8 8.8 8.8 8.7 8.5 8.3 8.1 8.0 7.9 7.9 7.9 7.9 -9999 -9999 -9999 -9999 -9999 -9999 -9999 -9999 -9999 -9999 -9999 -9999 -9999 -9999 -9999 -9999 -9999 -9999 -9999 -9999 -9999 -9999
6.5 6.5 6.5 6.5 6.5 6.6 6.6 6.6 6.7 6.7 6.8 6.9 7.0 7.2 7.2 7.3 7.3 7.3 7.3 7.3 7.2 7.2 7.2 7.2 7.2 7.3 7.4 7.5 7.7 7.8 8.0 8.2 8.4 8.6 8.8 8.9 9.0 9.0 9.0 8.9 8.8 8.7 8.6 8.5 8.5 8.4 8.4 8.4 8.4 8.4 8.4 8.4 8.5 8.6 8.6 8.7 8.7 8.7 8.8 8.8 8.7 8.6 8.4 8.2 8.0 7.9 7.8 7.9 7.9 7.9 -9999 -9999 -9999 -9999 -9999 -9999 -9999 -9999 -9999 -9999 -9999 -9999 -9999 -9999 -9999 -9999 -9999 -9999 -9999 -9999 -9999 -9999
6.6 6.6 6.6 6.6 6.6 6.6 6.7 6.7 6.7 6.8 6.9 7.0 7.1 7.2 7.3 7.3 7.3 7.3 7.3 7.2 7.2 7.2 7.1 7.1 7.2 7.2 7.4 7.5 7.7 7.8 8.0 8.2 8.3 8.5 8.6 8.7 8.8 8.8 8.7 8.7 8.6 8.5 8.5 8.4 8.4 8.3 8.3 8.3 8.3 8.3 8.3 8.4 8.4 8.5 8.6 8.6 8.7 8.7 8.7 8.7 8.6 8.5 8.3 8.1 8.0 7.9 7.8 7.8 7.9 7.9 -9999 -9999 -9999 -9999 -9999 -9999 -9999 -9999 -9999 -9999 -9999 -9999 -9999 -9999 -9999 -9999 -9999 -9999 -9999 -9999 -9999 -9999
6.6 6.6 6.6 6.6 6.7 6.7 6.7 6.8 6.8 6.9 6.9 7.0 7.1 7.2 7.3 7.3 7.3 7.3 7.3 7.3 7.2 7.2 7.1 7.1 7.2 7.2 7.4 7.5 7.7 7.8 7.9 8.1 8.2 8.3 8.4 8.5 8.5 8.6 8.5 8.5 8.5 8.4 8.3 8.3 8.2 8.2 8.2 8.2 8.2 8.2 8.3 8.4 8.4 8.5 8.5 8.6 8.6 8.7 8.7 8.6 8.6 8.4 8.2 8.1 7.9 7.8 7.8 7.8 7.8 7.8 7.9 -9999 -9999 -9999 -9999 -9999 -9999 -9999 -9999 -9999 -9999 -9999 -9999 -9999 -9999 -9999 -9999 -9999 -9999 -9999 -9999 -9999
6.7 6.7 6.7 6.7 6.8 6.8 6.8 6.9 6.9 7.0 7.0 7.1 7.2 7.3 7.3 7.4 7.4 7.4 7.4 7.3 7.3 7.2 7.2 7.2 7.2 7.3 7.4 7.5 7.7 7.8 7.9 8.0 8.1 8.2 8.3 8.3 8.4 8.4 8.4 8.3 8.3 8.3 8.2 8.2 8.2 8.1 8.1 8.1 8.2 8.2 8.3 8.3 8.4 8.4 8.5 8.5 8.6 8.6 8.6 8.6 8.4 8.3 8.1 8.0 7.9 7.8 7.8 7.8 7.8 7.8 7.8 -9999 -9999 -9999 -9999 -9999 -9999 -9999 -9999 -9999 -9999 -9999 -9999 -9999 -9999 -9999 -9999 -9999 -9999 -9999 -9999 -9999
6.8 6.8 6.8 6.8 6.8 6.9 6.9 7.0 7.0 7.1 7.1 7.2 7.3 7.3 7.4 7.4 7.5 7.5 7.5 7.4 7.4 7.4 7.3 7.3 7.3 7.4 7.5 7.6 7.7 7.8 7.9 7.9 8.0 8.1 8.1 8.2 8.2 8.2 8.2 8.2 8.2 8.2 8.1 8.1 8.1 8.1 8.1 8.1 8.1 8.2 8.3 8.3 8.4 8.4 8.5 8.5 8.5 8.6 8.5 8.4 8.3 8.2 8.0 7.9 7.8 7.8 7.8 7.8 7.8 7.8 7.8 -9999 -9999 -9999 -9999 -9999 -9999 -9999 -9999 -9999 -9999 -9999 -9999 -9999 -9999 -9999 -9999 -9999 -9999 -9999 -9999 -9999
6.9 6.9 6.9 6.9 6.9 7.0 7.0 7.0 7.1 7.1 7.2 7.3 7.3 7.4 7.4 7.5 7.5 7.5 7.5 7.5 7.5 7.5 7.5 7.5 7.5 7.5 7.6 7.7 7.7 7.8 7.9 7.9 8.0 8.0 8.1 8.1 8.1 8.1 8.1 8.1 8.1 8.1 8.1 8.0 8.0 8.0 8.1 8.1 8.1 8.2 8.2 8.3 8.4 8.4 8.4 8.5 8.5 8.5 8.4 8.3 8.2 8.1 7.9 7.9 7.8 7.8 7.8 7.8 7.8 7.8 7.8 -9999 -9999 -9999 -9999 -9999 -9999 -9999 -9999 -9999 -9999 -9999 -9999 -9999 -9999 -9999 -9999 -9999 -9999 -9999 -9999 -9999
6.9 6.9 7.0 7.0 7.0 7.1 7.1 7.1 7.2 7.2 7.3 7.3 7.4 7.4 7.5 7.5 7.6 7.6 7.6 7.6 7.7 7.6 7.6 7.6 7.6 7.7 7.7 7.8 7.8 7.8 7.9 7.9 7.9 8.0 8.0 8.0 8.1 8.1 8.1 8.1 8.1 8.1 8.0 8.0 8.0 8.0 8.0 8.1 8.1 8.2 8.2 8.3 8.3 8.4 8.4 8.4 8.4 8.4 8.3 8.2 8.1 8.0 7.9 7.8 7.8 7.8 7.8 7.8 7.8 7.8 7.8 -9999 -9999 -9999 -9999 -9999 -9999 -9999 -9999 -9999 -9999 -9999 -9999 -9999 -9999 -9999 -9999 -9999 -9999 -9999 -9999 -9999
7.0 7.0 7.0 7.1 7.1 7.1 7.2 7.2 7.3 7.3 7.4 7.4 7.5 7.5 7.5 7.6 7.6 7.7 7.7 7.7 7.7 7.8 7.7 7.8 7.8 7.8 7.8 7.8 7.8 7.9 7.9 7.9 7.9 8.0 8.0 8.0 8.0 8.0 8.0 8.0 8.0 8.0 8.0 8.0 8.0 8.0 8.1 8.1 8.1 8.2 8.2 8.3 8.3 8.3 8.3 8.3 8.3 8.2 8.2 8.1 8.0 7.9 7.8 7.8 7.8 7.8 7.8 7.8 7.8 7.8 7.8 -9999 -9999 -9999 -9999 -9999 -9999 -9999 -9999 -9999 -9999 -9999 -9999 -9999 -9999 -9999 -9999 -9999 -9999 -9999 -9999 -9999
7.1 7.1 7.1 7.2 7.2 7.2 7.3 7.4 7.4 7.4 7.5 7.5 7.5 7.6 7.6 7.6 7.7 7.7 7.7 7.8 7.8 7.8 7.8 7.9 7.9 7.9 7.9 7.9 7.9 7.9 7.9 7.9 7.9 8.0 8.0 8.0 8.0 8.0 8.0 8.0 8.0 8.0 8.0 8.0 8.0 8.1 8.1 8.1 8.2 8.2 8.2 8.3 8.3 8.3 8.3 8.2 8.2 8.1 8.0 8.0 7.9 7.8 7.8 7.8 7.8 7.8 7.8 7.8 7.8 7.8 7.8 7.8 -9999 -9999 -9999 -9999 -9999 -9999 -9999 -9999 -9999 -9999 -9999 -9999 -9999 -9999 -9999 -9999 -9999 -9999 -9999 -9999
7.2 7.2 7.2 7.3 7.3 7.3 7.4 7.4 7.5 7.5 7.6 7.6 7.6 7.6 7.6 7.7 7.7 7.7 7.8 7.8 7.8 7.9 7.9 7.9 7.9 8.0 8.0 8.0 8.0 8.0 8.0 8.0 8.0 8.0 8.0 8.0 8.0 8.0 8.1 8.1 8.1 8.1 8.1 8.1 8.1 8.1 8.1 8.1 8.2 8.2 8.2 8.2 8.2 8.2 8.2 8.1 8.1 8.0 8.0 7.9 7.8 7.8 7.8 7.8 7.8 7.8 7.8 7.8 7.8 7.8 7.8 7.8 -9999 -9999 -9999 -9999 -9999 -9999 -9999 -9999 -9999 -9999 -9999 -9999 -9999 -9999 -9999 -9999 -9999 -9999 -9999 -9999
7.3 7.3 7.3 7.4 7.4 7.5 7.5 7.6 7.6 7.6 7.6 7.7 7.7 7.7 7.7 7.7 7.7 7.8 7.8 7.8 7.9 7.9 7.9 8.0 8.0 8.0 8.0 8.0 8.0 8.0 8.0 8.0 8.0 8.0 8.0 8.1 8.1 8.1 8.1 8.1 8.1 8.1 8.1 8.1 8.1 8.1 8.1 8.1 8.1 8.2 8.2 8.1 8.1 8.1 8.1 8.0 8.0 7.9 7.9 7.8 7.8 7.8 7.8 7.8 7.8 7.8 7.8 7.8 7.8 7.8 7.8 7.8 -9999 -9999 -9999 -9999 -9999 -9999 -9999 -9999 -9999 -9999 -9999 -9999 -9999 -9999 -9999 -9999 -9999 -9999 -9999 -9999
7.4 7.4 7.4 7.5 7.5 7.6 7.6 7.7 7.7 7.7 7.7 7.7 7.7 7.8 7.8 7.8 7.8 7.8 7.9 7.9 7.9 8.0 8.0 8.0 8.0 8.0 8.0 8.0 8.0 8.0 8.0 8.0 8.1 8.1 8.1 8.1 8.1 8.1 8.1 8.1 8.1 8.1 8.1 8.1 8.1 8.1 8.1 8.1 8.1 8.1 8.1 8.1 8.0 8.0 8.0 7.9 7.9 7.9 7.8 7.8 7.8 7.8 7.8 7.8 7.8 7.8 7.8 7.8 7.8 7.8 7.8 7.8 -9999 -9999 -9999 -9999 -9999 -9999 -9999 -9999 -9999 -9999 -9999 -9999 -9999 -9999 -9999 -9999 -9999 -9999 -9999 -9999
