GISFiles/recur_pcp/2-hr/2-yr_smoothed_gridded_recur_pcp.asc
ncols 390
nrows 190
xllcorner -71.5
yllcorner 42.5
cellsize 0.05
nodata_value -9999
[rows 148 to 184 of 190, columns 0 to 83 of 390]
25.7 25.7 25.6 25.6 25.5 25.5 25.6 25.7 26.0 26.4 26.9 27.4 28.0 28.4 28.6 28.7 28.7 28.6 28.5 28.5 28.6 28.6 28.7 28.7 28.7 28.7 28.7 28.8 28.9 28.9 28.9 28.8 28.7 28.5 28.3 28.2 28.2 28.2 28.4 28.6 28.7 28.9 29.0 29.1 29.1 29.1 29.1 29.2 29.2 29.2 29.1 29.1 29.0 28.9 28.8 28.8 28.8 28.7 28.7 28.6 28.7 28.8 29.1 29.5 29.9 30.2 30.4 30.4 30.3 30.2 30.1 30.0 29.9 29.8 29.7 29.6 29.6 29.6 29.7 29.8 29.9 30.0 29.9 29.8
26.1 26.0 26.0 26.0 25.9 25.9 26.0 26.2 26.4 26.8 27.3 27.8 28.2 28.6 28.8 28.8 28.8 28.8 28.8 28.8 28.9 29.0 29.0 29.1 29.0 29.0 28.9 29.0 29.0 29.0 29.0 28.9 28.8 28.6 28.5 28.4 28.3 28.4 28.6 28.7 28.9 29.1 29.2 29.3 29.4 29.4 29.5 29.5 29.5 29.6 29.5 29.4 29.3 29.2 29.2 29.1 29.1 29.0 29.0 28.9 29.0 29.3 29.7 30.2 30.6 31.0 31.1 31.1 30.9 30.7 30.5 30.3 30.1 29.9 29.8 29.7 29.7 29.7 29.8 29.8 29.9 29.9 29.9 29.8
26.4 26.4 26.4 26.4 26.4 26.4 26.5 26.6 26.9 27.3 27.7 28.0 28.4 28.7 28.8 28.9 28.9 28.9 28.9 29.0 29.2 29.3 29.4 29.4 29.4 29.3 29.2 29.1 29.1 29.1 29.1 29.0 28.9 28.8 28.6 28.6 28.6 28.6 28.8 29.0 29.2 29.3 29.4 29.5 29.6 29.7 29.8 29.8 29.9 29.9 29.9 29.8 29.7 29.6 29.5 29.4 29.4 29.4 29.3 29.4 29.6 30.0 30.5 31.1 31.6 31.9 32.0 31.9 31.6 31.3 30.9 30.6 30.3 30.1 30.0 29.9 29.8 29.8 29.8 29.9 29.9 29.9 29.9 29.8
26.9 26.9 26.9 26.9 26.9 26.9 27.1 27.3 27.5 27.8 28.1 28.4 28.7 28.9 29.0 29.0 29.0 29.0 29.1 29.2 29.4 29.6 29.7 29.8 29.7 29.6 29.5 29.4 29.3 29.2 29.2 29.1 29.0 28.9 28.8 28.8 28.8 28.9 29.0 29.2 29.4 29.5 29.7 29.8 29.9 30.0 30.1 30.2 30.2 30.2 30.2 30.1 30.0 29.9 29.8 29.7 29.7 29.8 29.8 30.0 30.3 30.8 31.4 32.0 32.5 32.8 32.8 32.6 32.2 31.8 31.3 31.0 30.6 30.3 30.1 30.0 30.0 29.9 29.9 29.9 29.9 29.9 29.9 29.8
27.3 27.3 27.4 27.4 27.4 27.5 27.7 27.9 28.1 28.3 28.6 28.8 29.0 29.1 29.2 29.2 29.2 29.2 29.2 29.4 29.6 29.8 30.0 30.0 30.0 29.9 29.8 29.6 29.5 29.4 29.4 29.3 29.2 29.1 29.0 29.0 29.1 29.2 29.3 29.5 29.6 29.8 29.9 30.1 30.3 30.5 30.6 30.7 30.7 30.6 30.5 30.4 30.3 30.2 30.1 30.0 30.1 30.1 30.3 30.5 30.9 31.5 32.2 32.8 33.3 33.5 33.4 33.1 32.7 32.2 31.7 31.3 30.9 30.6 30.4 30.2 30.2 30.1 30.1 30.1 30.0 30.0 29.9 29.9
27.8 27.8 27.8 27.9 28.0 28.1 28.2 28.4 28.6 28.8 29.0 29.1 29.3 29.4 29.4 29.4 29.4 29.4 29.4 29.5 29.7 29.9 30.1 30.2 30.2 30.1 30.0 29.9 29.8 29.7 29.6 29.5 29.4 29.3 29.2 29.3 29.3 29.5 29.6 29.7 29.9 30.0 30.2 30.5 30.7 31.0 31.2 31.2 31.2 31.0 30.8 30.7 30.5 30.4 30.3 30.3 30.3 30.4 30.6 31.0 31.5 32.0 32.7 33.2 33.6 33.8 33.7 33.4 32.9 32.4 32.0 31.6 31.2 30.9 30.7 30.6 30.4 30.3 30.3 30.2 30.2 30.1 30.0 30.0
28.2 28.3 28.3 28.4 28.5 28.6 28.7 28.9 29.0 29.2 29.3 29.4 29.5 29.6 29.7 29.6 29.6 29.6 29.6 29.7 29.9 30.1 30.3 30.4 30.4 30.3 30.2 30.1 30.1 30.0 29.9 29.7 29.6 29.5 29.4 29.5 29.6 29.7 29.9 30.0 30.1 30.3 30.6 30.9 31.2 31.5 31.7 31.8 31.7 31.4 31.2 30.9 30.8 30.6 30.6 30.5 30.6 30.7 30.9 31.3 31.7 32.2 32.8 33.3 33.6 33.7 33.6 33.3 33.0 32.6 32.2 31.9 31.6 31.3 31.1 30.9 30.7 30.6 30.5 30.4 30.3 30.2 30.2 30.1
28.7 28.8 28.9 28.9 29.0 29.1 29.2 29.3 29.4 29.5 29.6 29.7 29.8 29.8 29.9 29.9 29.8 29.8 29.9 30.0 30.1 30.3 30.4 30.4 30.4 30.3 30.3 30.3 30.4 30.4 30.2 30.1 29.9 29.8 29.8 29.8 29.9 30.0 30.1 30.3 30.4 30.6 30.8 31.2 31.5 31.9 32.0 32.1 32.0 31.7 31.4 31.2 31.0 30.8 30.7 30.7 30.7 30.8 31.1 31.4 31.8 32.2 32.6 33.0 33.2 33.3 33.2 33.1 32.9 32.7 32.4 32.2 32.0 31.7 31.5 31.3 31.1 30.9 30.7 30.6 30.5 30.3 30.3 30.2
29.2 29.2 29.3 29.4 29.5 29.6 29.6 29.7 29.8 29.8 29.9 29.9 30.0 30.0 30.1 30.1 30.1 30.1 30.2 30.3 30.5 30.6 30.7 30.6 30.5 30.5 30.6 30.7 30.8 30.8 30.7 30.5 30.4 30.3 30.2 30.2 30.3 30.4 30.4 30.5 30.6 30.8 31.0 31.3 31.6 31.9 32.1 32.2 32.1 31.9 31.6 31.3 31.1 30.9 30.9 30.8 30.8 31.0 31.1 31.4 31.7 32.1 32.4 32.7 32.8 32.9 32.9 32.9 32.8 32.8 32.6 32.5 32.3 32.1 31.9 31.7 31.5 31.3 31.1 30.9 30.7 30.6 30.5 30.4
29.6 29.6 29.7 29.8 29.9 29.9 30.0 30.0 30.1 30.1 30.2 30.2 30.2 30.3 30.3 30.4 30.4 30.5 30.6 30.8 31.0 31.1 31.1 31.1 31.0 31.0 31.1 31.2 31.3 31.3 31.2 31.0 30.9 30.7 30.7 30.7 30.7 30.7 30.8 30.8 30.8 30.9 31.0 31.2 31.4 31.7 31.9 32.0 31.9 31.8 31.5 31.3 31.1 31.0 31.0 30.9 30.9 31.1 31.2 31.4 31.7 32.0 32.2 32.4 32.6 32.7 32.8 32.8 32.8 32.8 32.7 32.7 32.6 32.4 32.2 32.0 31.8 31.6 31.4 31.2 31.1 31.0 30.9 30.8
29.9 30.0 30.1 30.1 30.2 30.3 30.3 30.3 30.4 30.4 30.4 30.5 30.5 30.6 30.6 30.7 30.8 30.9 31.0 31.2 31.5 31.6 31.6 31.6 31.6 31.6 31.7 31.7 31.8 31.8 31.7 31.5 31.4 31.3 31.2 31.2 31.2 31.2 31.1 31.1 31.0 31.0 31.0 31.0 31.1 31.3 31.4 31.5 31.6 31.5 31.4 31.3 31.2 31.1 31.0 31.0 31.1 31.2 31.4 31.6 31.8 32.0 32.2 32.4 32.5 32.6 32.7 32.8 32.8 32.8 32.8 32.8 32.7 32.6 32.4 32.2 32.1 31.9 31.7 31.5 31.5 31.4 31.3 31.1
30.4 30.4 30.4 30.5 30.6 30.6 30.6 30.7 30.7 30.7 30.7 30.8 30.9 30.9 31.0 31.1 31.2 31.3 31.5 31.7 32.0 32.1 32.2 32.3 32.3 32.3 32.3 32.3 32.3 32.2 32.1 31.9 31.7 31.7 31.7 31.6 31.6 31.5 31.4 31.3 31.2 31.1 30.9 30.9 30.8 30.9 31.0 31.1 31.2 31.2 31.2 31.2 31.2 31.1 31.1 31.1 31.2 31.4 31.6 31.8 32.0 32.2 32.3 32.4 32.5 32.7 32.7 32.8 32.9 32.9 32.9 32.8 32.7 32.6 32.5 32.4 32.2 32.1 32.0 32.0 32.0 31.9 31.7 31.4
30.8 30.9 30.9 30.9 30.9 31.0 31.0 31.0 31.1 31.1 31.2 31.2 31.3 31.4 31.5 31.6 31.6 31.7 31.9 32.1 32.4 32.6 32.8 32.9 32.9 33.0 32.9 32.8 32.6 32.4 32.2 32.0 31.9 31.9 32.0 32.0 31.9 31.8 31.7 31.5 31.4 31.2 31.0 30.8 30.7 30.7 30.7 30.8 30.9 31.0 31.1 31.1 31.2 31.2 31.2 31.3 31.5 31.7 31.9 32.1 32.2 32.4 32.5 32.6 32.7 32.7 32.8 32.9 32.9 32.9 32.8 32.8 32.7 32.6 32.4 32.4 32.3 32.3 32.4 32.3 32.4 32.3 32.1 31.7
31.3 31.3 31.3 31.3 31.3 31.4 31.4 31.4 31.5 31.5 31.6 31.6 31.7 31.8 31.9 32.0 32.1 32.2 32.3 32.5 32.7 33.0 33.2 33.4 33.4 33.4 33.3 33.2 32.9 32.6 32.3 32.1 32.0 32.1 32.1 32.2 32.1 32.0 31.9 31.7 31.6 31.4 31.1 30.9 30.8 30.7 30.7 30.8 30.9 31.0 31.1 31.2 31.2 31.2 31.3 31.5 31.7 31.9 32.1 32.3 32.4 32.5 32.6 32.7 32.8 32.9 32.9 32.9 32.9 32.8 32.8 32.7 32.6 32.5 32.4 32.5 32.5 32.6 32.7 32.8 32.8 32.7 32.4 32.0
31.7 31.7 31.7 31.8 31.8 31.8 31.8 31.8 31.9 31.9 32.0 32.1 32.2 32.3 32.4 32.5 32.5 32.6 32.7 32.8 33.0 33.2 33.4 33.5 33.6 33.6 33.5 33.3 32.9 32.6 32.3 32.2 32.1 32.1 32.2 32.3 32.2 32.1 32.0 31.9 31.7 31.5 31.3 31.1 31.0 30.9 30.9 30.9 31.0 31.1 31.2 31.2 31.3 31.4 31.5 31.7 31.9 32.2 32.4 32.5 32.6 32.7 32.8 32.8 32.9 32.9 33.0 32.9 32.9 32.8 32.7 32.7 32.6 32.8 32.8 32.9 33.0 33.1 33.2 33.3 33.3 33.1 32.6 31.9
32.1 32.1 32.1 32.1 32.1 32.2 32.2 32.2 32.3 32.3 32.4 32.5 32.6 32.7 32.8 32.9 33.0 32.9 33.0 33.0 33.1 33.3 33.4 33.6 33.6 33.6 33.4 33.2 32.9 32.5 32.3 32.2 32.2 32.2 32.3 32.3 32.3 32.2 32.1 32.0 31.9 31.7 31.5 31.3 31.2 31.1 31.1 31.2 31.2 31.3 31.3 31.3 31.4 31.5 31.7 31.9 32.1 32.3 32.5 32.6 32.7 32.8 32.8 32.9 32.9 33.0 33.0 32.9 32.9 33.0 33.0 33.1 33.3 33.5 33.8 34.1 34.2 34.3 34.4 34.4 34.3 33.6 32.8 31.9
32.5 32.5 32.5 32.5 32.5 32.5 32.5 32.6 32.6 32.7 32.8 32.9 33.0 33.2 33.3 33.4 33.4 33.4 33.3 33.2 33.3 33.3 33.4 33.5 33.5 33.5 33.4 33.2 32.9 32.7 32.5 32.4 32.4 32.4 32.4 32.4 32.4 32.3 32.2 32.1 32.0 31.8 31.7 31.5 31.4 31.4 31.4 31.4 31.4 31.4 31.5 31.5 31.6 31.8 31.9 32.1 32.3 32.5 32.6 32.7 32.8 32.8 32.9 33.0 33.1 33.1 33.0 33.2 33.5 33.6 33.8 34.2 34.4 34.7 34.9 35.2 35.3 35.5 35.6 35.4 35.1 34.2 33.0 31.6
32.8 32.8 32.7 32.7 32.7 32.7 32.8 32.8 32.9 33.0 33.1 33.2 33.3 33.5 33.8 33.8 33.9 33.8 33.7 33.5 33.4 33.4 33.4 33.4 33.4 33.4 33.3 33.2 33.0 32.9 32.7 32.6 32.6 32.6 32.6 32.5 32.5 32.5 32.4 32.3 32.1 32.0 31.8 31.7 31.6 31.6 31.6 31.6 31.6 31.6 31.7 31.7 31.8 32.0 32.2 32.4 32.5 32.7 32.8 32.9 33.0 33.1 33.2 33.4 33.4 33.3 33.5 33.8 34.2 34.6 35.1 35.5 35.7 35.9 36.2 36.5 36.8 36.8 36.7 36.5 35.8 34.7 -9999 31.5
33.0 33.0 33.0 33.0 33.0 33.0 33.0 33.0 33.1 33.2 33.3 33.4 33.6 33.9 34.0 34.1 34.2 34.1 34.0 33.8 33.6 33.5 33.4 33.4 33.4 33.3 33.3 33.2 33.1 33.0 33.0 32.9 32.8 32.8 32.8 32.7 32.7 32.6 32.5 32.4 32.3 32.2 32.0 31.9 31.8 31.8 31.8 31.8 31.8 31.8 31.8 31.9 32.0 32.2 32.4 32.6 32.7 32.9 33.0 33.1 33.3 33.4 33.6 33.7 33.7 33.6 34.1 34.7 35.2 35.7 36.1 36.6 37.0 37.2 37.4 37.6 37.7 37.7 37.5 37.3 37.0 -9999 -9999 -9999
33.2 33.2 33.2 33.2 33.2 33.2 33.2 33.2 33.3 33.4 33.5 33.6 33.8 34.0 34.2 34.3 34.3 34.3 34.2 34.0 33.8 33.7 33.6 33.5 33.4 33.4 33.3 33.3 33.3 33.2 33.2 33.1 33.1 33.0 33.0 32.9 32.9 32.8 32.7 32.6 32.5 32.3 32.2 32.1 32.0 32.0 32.0 31.9 32.0 32.0 32.0 32.1 32.2 32.4 32.6 32.8 33.0 33.1 33.3 33.4 33.6 33.8 34.0 34.0 34.1 34.3 34.8 35.3 36.0 36.6 37.2 37.8 38.0 38.2 38.4 38.7 38.7 38.6 38.6 -9999 -9999 -9999 -9999 -9999
33.3 33.3 33.4 33.4 33.4 33.4 33.4 33.4 33.5 33.5 33.6 33.7 33.8 33.9 34.2 34.3 34.4 34.4 34.4 34.2 34.1 33.9 33.8 33.7 33.6 33.5 33.5 33.4 33.4 33.4 33.3 33.3 33.3 33.2 33.2 33.1 33.1 33.0 32.9 32.8 32.7 32.5 32.4 32.3 32.3 32.2 32.2 32.1 32.1 32.1 32.2 32.2 32.4 32.5 32.7 32.9 33.0 33.2 33.4 33.5 33.6 33.8 33.9 34.1 34.3 34.7 35.1 35.9 36.7 37.5 38.2 38.6 38.6 38.9 38.9 38.9 -9999 -9999 -9999 -9999 -9999 -9999 -9999 -9999
33.5 33.5 33.5 33.5 33.5 33.6 33.6 33.6 33.6 33.7 33.7 33.7 33.7 33.8 34.0 34.2 34.4 34.5 34.5 34.5 34.4 34.3 34.1 34.0 33.8 33.7 33.7 33.6 33.6 33.5 33.5 33.5 33.4 33.4 33.4 33.3 33.3 33.2 33.2 33.0 32.9 32.8 32.7 32.6 32.5 32.4 32.4 32.3 32.3 32.2 32.2 32.3 32.5 32.7 32.8 33.0 33.1 33.3 33.2 33.2 33.3 33.3 33.3 33.6 34.3 34.6 35.4 36.3 37.1 38.1 38.9 38.9 38.9 -9999 -9999 -9999 -9999 -9999 -9999 -9999 -9999 -9999 -9999 -9999
33.5 33.6 33.6 33.6 33.7 33.7 33.8 33.8 33.8 33.8 33.8 33.7 33.6 33.7 33.9 34.1 34.3 34.5 34.7 34.8 34.9 34.8 34.6 34.4 34.2 34.0 33.9 33.8 33.8 33.7 33.7 33.6 33.6 33.6 33.5 33.5 33.5 33.4 33.4 33.3 33.1 33.1 33.0 32.8 32.7 32.7 32.6 32.5 32.4 32.3 32.4 32.4 32.5 32.7 32.7 32.8 32.8 32.8 32.7 32.6 32.4 32.4 32.7 33.2 33.5 34.1 35.1 -9999 -9999 -9999 -9999 -9999 -9999 -9999 -9999 -9999 -9999 -9999 -9999 -9999 -9999 -9999 -9999 -9999
33.6 33.6 33.7 33.7 33.7 33.8 33.9 34.0 34.0 34.0 33.9 33.7 33.6 33.6 33.8 34.0 34.3 34.7 35.0 35.2 35.2 35.2 35.0 34.8 34.6 34.4 34.2 34.1 34.0 33.9 33.9 33.8 33.8 33.7 33.7 33.7 33.7 33.7 33.6 33.5 33.4 33.3 33.2 33.1 32.9 32.8 32.7 32.5 32.5 32.4 32.4 32.5 32.4 32.3 32.3 32.3 32.1 31.9 31.8 31.6 31.5 31.6 31.8 32.0 32.8 -9999 -9999 -9999 -9999 -9999 -9999 -9999 -9999 -9999 -9999 -9999 -9999 -9999 -9999 -9999 -9999 -9999 -9999 -9999
33.6 33.6 33.7 33.7 33.8 33.8 33.9 34.0 34.1 34.0 33.8 33.7 33.5 33.5 33.8 34.2 34.6 35.0 35.3 35.5 35.5 35.5 35.3 35.1 34.8 34.6 34.4 34.3 34.2 34.1 34.0 34.0 33.9 33.9 33.9 33.9 33.9 33.9 33.9 33.8 33.7 33.6 33.4 33.2 33.0 32.8 32.6 32.5 32.4 32.3 32.2 32.1 32.0 31.8 31.7 31.5 31.3 31.2 30.9 30.8 30.7 30.6 30.7 31.1 -9999 -9999 -9999 -9999 -9999 -9999 -9999 -9999 -9999 -9999 -9999 -9999 -9999 -9999 -9999 -9999 -9999 -9999 -9999 -9999
33.6 33.6 33.6 33.7 33.7 33.8 33.9 34.0 34.0 33.9 33.7 33.6 33.6 33.7 34.0 34.5 35.0 35.4 35.7 35.8 35.8 35.7 35.5 35.3 35.0 34.8 34.6 34.5 34.4 34.3 34.2 34.2 34.1 34.1 34.1 34.1 34.2 34.2 34.2 34.1 33.9 33.7 33.5 33.3 33.0 32.8 32.5 32.3 32.1 32.0 31.8 31.5 31.2 31.1 30.9 30.8 30.7 30.5 30.2 30.1 29.8 29.7 -9999 -9999 -9999 -9999 -9999 -9999 -9999 -9999 -9999 -9999 -9999 -9999 -9999 -9999 -9999 -9999 -9999 -9999 -9999 -9999 -9999 -9999
33.6 33.6 33.6 33.6 33.6 33.7 33.8 33.9 33.8 33.7 33.6 33.5 33.6 33.8 34.2 34.8 35.3 35.6 35.9 36.0 35.9 35.7 35.6 35.3 35.1 34.9 34.8 34.6 34.5 34.5 34.4 34.4 34.4 34.3 34.3 34.3 34.4 34.4 34.4 34.2 34.0 33.8 33.6 33.3 32.9 32.5 32.2 31.8 31.6 31.3 31.1 30.9 30.7 30.5 30.3 30.2 29.9 29.9 29.8 29.6 29.2 -9999 -9999 -9999 -9999 -9999 -9999 -9999 -9999 -9999 -9999 -9999 -9999 -9999 -9999 -9999 -9999 -9999 -9999 -9999 -9999 -9999 -9999 -9999
33.6 33.6 33.6 33.6 33.6 33.6 33.6 33.6 33.6 33.5 33.4 33.4 33.6 33.9 34.5 35.1 35.5 35.7 35.9 35.9 35.8 35.6 35.4 35.3 35.1 34.9 34.8 34.7 34.7 34.6 34.6 34.6 34.5 34.5 34.5 34.6 34.6 34.6 34.6 34.4 34.2 34.0 33.6 33.3 32.6 32.1 31.7 31.2 31.0 30.8 30.6 30.4 30.2 29.9 29.7 29.5 29.4 29.4 29.2 -9999 -9999 -9999 -9999 -9999 -9999 -9999 -9999 -9999 -9999 -9999 -9999 -9999 -9999 -9999 -9999 -9999 -9999 -9999 -9999 -9999 -9999 -9999 -9999 -9999
33.6 33.6 33.6 33.5 33.5 33.4 33.4 33.4 33.3 33.2 33.2 33.3 33.6 34.0 34.7 35.3 35.6 35.7 35.8 35.7 35.6 35.4 35.3 35.2 35.1 34.9 34.9 34.8 34.7 34.7 34.7 34.7 34.6 34.6 34.7 34.8 34.8 34.8 34.8 34.8 34.5 34.4 34.2 33.5 32.8 32.1 31.3 30.9 30.6 30.4 30.1 29.8 29.6 29.5 29.2 29.2 -9999 -9999 -9999 -9999 -9999 -9999 -9999 -9999 -9999 -9999 -9999 -9999 -9999 -9999 -9999 -9999 -9999 -9999 -9999 -9999 -9999 -9999 -9999 -9999 -9999 -9999 -9999 -9999
33.6 33.6 33.5 33.5 33.4 33.3 33.2 33.2 33.1 33.1 33.2 33.3 33.8 34.2 34.8 35.2 35.5 35.6 35.6 35.5 35.4 35.3 35.2 35.1 35.0 34.9 34.8 34.8 34.7 34.7 34.7 34.7 34.7 34.7 34.8 35.0 35.2 35.2 35.3 35.2 35.1 35.0 34.6 33.8 33.0 32.0 31.1 30.5 30.1 29.9 29.6 29.5 -9999 -9999 -9999 -9999 -9999 -9999 -9999 -9999 -9999 -9999 -9999 -9999 -9999 -9999 -9999 -9999 -9999 -9999 -9999 -9999 -9999 -9999 -9999 -9999 -9999 -9999 -9999 -9999 -9999 -9999 -9999 -9999
33.5 33.5 33.5 33.4 33.3 33.2 33.2 33.1 33.0 33.0 33.2 33.5 33.9 34.3 34.7 35.1 35.3 35.3 35.3 35.2 35.1 35.1 35.0 35.0 34.9 34.9 34.8 34.8 34.7 34.7 34.7 34.7 34.7 34.8 35.0 35.2 35.5 35.6 35.8 36.0 36.1 35.9 35.4 34.9 -9999 -9999 -9999 -9999 -9999 -9999 -9999 -9999 -9999 -9999 -9999 -9999 -9999 -9999 -9999 -9999 -9999 -9999 -9999 -9999 -9999 -9999 -9999 -9999 -9999 -9999 -9999 -9999 -9999 -9999 -9999 -9999 -9999 -9999 -9999 -9999 -9999 -9999 -9999 -9999
33.5 33.5 33.4 33.4 33.3 33.2 33.1 33.1 33.0 33.1 33.2 33.5 33.9 34.3 34.6 34.8 34.9 35.0 34.9 34.9 34.9 34.9 34.9 34.8 34.8 34.8 34.8 34.7 34.7 34.6 34.6 34.6 34.7 34.9 35.2 35.5 35.9 36.2 36.5 36.8 36.9 36.8 36.5 -9999 -9999 -9999 -9999 -9999 -9999 -9999 -9999 -9999 -9999 -9999 -9999 -9999 -9999 -9999 -9999 -9999 -9999 -9999 -9999 -9999 -9999 -9999 -9999 -9999 -9999 -9999 -9999 -9999 -9999 -9999 -9999 -9999 -9999 -9999 -9999 -9999 -9999 -9999 -9999 -9999
33.4 33.4 33.4 33.3 33.2 33.2 33.1 33.1 33.1 33.1 33.3 33.5 33.8 34.2 34.4 34.6 34.6 34.7 34.7 34.7 34.7 34.7 34.7 34.7 34.7 34.7 34.7 34.6 34.6 34.6 34.6 34.6 34.7 34.9 35.3 35.8 36.3 36.8 37.4 37.6 37.7 37.9 37.8 -9999 -9999 -9999 -9999 -9999 -9999 -9999 -9999 -9999 -9999 -9999 -9999 -9999 -9999 -9999 -9999 -9999 -9999 -9999 -9999 -9999 -9999 -9999 -9999 -9999 -9999 -9999 -9999 -9999 -9999 -9999 -9999 -9999 -9999 -9999 -9999 -9999 -9999 -9999 -9999 -9999
33.3 33.3 33.3 33.2 33.2 33.1 33.0 33.0 33.0 33.1 33.3 33.5 33.8 34.0 34.2 34.3 34.3 34.4 34.5 34.5 34.5 34.6 34.6 34.6 34.6 34.6 34.6 34.6 34.5 34.5 34.5 34.5 34.7 35.1 35.6 36.1 36.9 37.6 38.0 38.1 38.4 38.5 -9999 -9999 -9999 -9999 -9999 -9999 -9999 -9999 -9999 -9999 -9999 -9999 -9999 -9999 -9999 -9999 -9999 -9999 -9999 -9999 -9999 -9999 -9999 -9999 -9999 -9999 -9999 -9999 -9999 -9999 -9999 -9999 -9999 -9999 -9999 -9999 -9999 -9999 -9999 -9999 -9999 -9999
33.2 33.2 33.2 33.1 33.1 33.0 32.9 32.9 32.9 33.0 33.2 33.4 33.6 33.8 33.9 34.0 34.1 34.2 34.3 34.3 34.4 34.4 34.4 34.4 34.5 34.5 34.5 34.5 34.4 34.4 34.4 34.5 34.8 35.3 35.8 36.6 37.3 37.9 38.3 38.6 38.9 -9999 -9999 -9999 -9999 -9999 -9999 -9999 -9999 -9999 -9999 -9999 -9999 -9999 -9999 -9999 -9999 -9999 -9999 -9999 -9999 -9999 -9999 -9999 -9999 -9999 -9999 -9999 -9999 -9999 -9999 -9999 -9999 -9999 -9999 -9999 -9999 -9999 -9999 -9999 -9999 -9999 -9999 -9999
33.1 33.1 33.1 33.0 33.0 32.9 32.8 32.7 32.8 32.8 33.0 33.2 33.4 33.5 33.7 33.8 33.9 34.0 34.1 34.2 34.2 34.3 34.3 34.3 34.3 34.3 34.4 34.4 34.3 34.3 34.4 34.6 35.0 35.5 36.1 36.9 37.6 38.1 38.6 39.0 -9999 -9999 -9999 -9999 -9999 -9999 -9999 -9999 -9999 -9999 -9999 -9999 -9999 -9999 -9999 -9999 -9999 -9999 -9999 -9999 -9999 -9999 -9999 -9999 -9999 -9999 -9999 -9999 -9999 -9999 -9999 -9999 -9999 -9999 -9999 -9999 -9999 -9999 -9999 -9999 -9999 -9999 -9999 -9999
33.0 33.0 33.0 32.9 32.8 32.7 32.7 32.6 32.6 32.7 32.8 33.0 33.2 33.4 33.5 33.7 33.8 33.9 34.0 34.0 34.1 34.1 34.2 34.2 34.2 34.2 34.2 34.2 34.2 34.3 34.4 34.7 35.1 35.6 36.4 37.3 37.7 38.3 38.8 -9999 -9999 -9999 -9999 -9999 -9999 -9999 -9999 -9999 -9999 -9999 -9999 -9999 -9999 -9999 -9999 -9999 -9999 -9999 -9999 -9999 -9999 -9999 -9999 -9999 -9999 -9999 -9999 -9999 -9999 -9999 -9999 -9999 -9999 -9999 -9999 -9999 -9999 -9999 -9999 -9999 -9999 -9999 -9999 -9999
