GISFiles/recur_pcp/2-hr/2-yr_smoothed_gridded_recur_pcp.asc
ncols 390
nrows 190
xllcorner -71.5
yllcorner 42.5
cellsize 0.05
nodata_value -9999
[rows 74 to 110 of 190, columns 0 to 83 of 390]
-9999 -9999 -9999 -9999 -9999 -9999 -9999 -9999 -9999 -9999 -9999 -9999 -9999 -9999 -9999 -9999 -9999 -9999 -9999 -9999 -9999 -9999 -9999 -9999 -9999 -9999 -9999 -9999 -9999 -9999 -9999 -9999 -9999 -9999 -9999 -9999 -9999 -9999 -9999 -9999 -9999 -9999 -9999 -9999 -9999 -9999 -9999 -9999 -9999 -9999 19.4 19.4 19.4 19.3 19.3 19.3 19.3 19.3 19.3 19.3 19.3 19.3 19.3 19.3 19.3 19.3 19.3 19.3 19.3 19.4 19.4 19.5 19.7 19.9 20.1 20.3 20.4 20.5 20.5 20.5 20.4 20.3 20.2 20.1
-9999 -9999 -9999 -9999 -9999 -9999 -9999 -9999 -9999 -9999 -9999 -9999 -9999 -9999 -9999 -9999 -9999 -9999 -9999 -9999 -9999 -9999 -9999 -9999 -9999 -9999 -9999 -9999 -9999 -9999 -9999 -9999 -9999 -9999 -9999 -9999 -9999 -9999 -9999 -9999 -9999 -9999 -9999 -9999 -9999 -9999 -9999 -9999 -9999 -9999 19.5 19.5 19.5 19.5 19.5 19.4 19.4 19.4 19.4 19.3 19.3 19.3 19.3 19.3 19.3 19.3 19.4 19.4 19.4 19.4 19.5 19.6 19.7 19.9 20.1 20.3 20.4 20.5 20.6 20.5 20.4 20.3 20.2 20.2
-9999 -9999 -9999 -9999 -9999 -9999 -9999 -9999 -9999 -9999 -9999 -9999 -9999 -9999 -9999 -9999 -9999 -9999 -9999 -9999 -9999 -9999 -9999 -9999 -9999 -9999 -9999 -9999 -9999 -9999 -9999 -9999 -9999 -9999 -9999 -9999 -9999 -9999 -9999 -9999 -9999 -9999 -9999 -9999 -9999 -9999 -9999 -9999 -9999 -9999 19.7 19.7 19.7 19.7 19.6 19.6 19.5 19.5 19.4 19.4 19.4 19.4 19.4 19.4 19.4 19.4 19.4 19.5 19.5 19.5 19.6 19.7 19.8 19.9 20.1 20.2 20.4 20.5 20.5 20.5 20.4 20.3 20.3 20.2
-9999 -9999 -9999 -9999 -9999 -9999 -9999 -9999 -9999 -9999 -9999 -9999 -9999 -9999 -9999 -9999 -9999 -9999 -9999 -9999 -9999 -9999 -9999 -9999 -9999 -9999 -9999 -9999 -9999 -9999 -9999 -9999 -9999 -9999 -9999 -9999 -9999 -9999 -9999 -9999 -9999 -9999 -9999 -9999 -9999 -9999 -9999 -9999 -9999 -9999 19.8 19.9 19.9 19.9 19.8 19.8 19.7 19.6 19.5 19.5 19.4 19.4 19.4 19.5 19.5 19.5 19.6 19.6 19.6 19.7 19.7 19.8 19.9 20.0 20.1 20.2 20.3 20.4 20.4 20.4 20.3 20.3 20.3 20.2
-9999 -9999 -9999 -9999 -9999 -9999 -9999 -9999 -9999 -9999 -9999 -9999 -9999 -9999 -9999 -9999 -9999 -9999 -9999 -9999 -9999 -9999 -9999 -9999 -9999 -9999 -9999 -9999 -9999 -9999 -9999 -9999 -9999 -9999 -9999 -9999 -9999 -9999 -9999 -9999 -9999 -9999 -9999 -9999 -9999 -9999 -9999 -9999 -9999 -9999 20.0 20.0 20.0 20.0 20.0 19.9 19.9 19.7 19.6 19.6 19.5 19.5 19.6 19.6 19.6 19.7 19.7 19.7 19.8 19.8 19.9 19.9 20.0 20.0 20.1 20.2 20.3 20.3 20.3 20.3 20.3 20.3 20.3 20.3
-9999 -9999 -9999 -9999 -9999 -9999 -9999 -9999 -9999 -9999 -9999 -9999 -9999 -9999 -9999 -9999 -9999 -9999 -9999 -9999 -9999 -9999 -9999 -9999 -9999 -9999 -9999 -9999 -9999 -9999 -9999 -9999 -9999 -9999 -9999 -9999 -9999 -9999 -9999 -9999 -9999 -9999 -9999 -9999 -9999 -9999 -9999 -9999 -9999 -9999 20.0 20.1 20.1 20.1 20.1 20.0 19.9 19.9 19.8 19.7 19.7 19.7 19.7 19.7 19.8 19.8 19.9 19.9 19.9 20.0 20.0 20.0 20.1 20.1 20.2 20.2 20.3 20.3 20.3 20.3 20.3 20.3 20.3 20.3
-9999 -9999 -9999 -9999 -9999 -9999 -9999 -9999 -9999 -9999 -9999 -9999 -9999 -9999 -9999 -9999 -9999 -9999 -9999 -9999 -9999 -9999 -9999 -9999 -9999 -9999 -9999 -9999 -9999 -9999 21.3 21.3 21.3 21.2 21.0 20.8 20.5 20.3 20.0 19.8 19.7 19.6 19.5 19.6 19.6 19.6 19.7 19.7 19.8 19.9 20.0 20.0 20.1 20.1 20.1 20.1 20.0 19.9 19.9 19.8 19.8 19.8 19.9 19.9 19.9 20.0 20.0 20.0 20.1 20.1 20.1 20.2 20.2 20.2 20.3 20.3 20.3 20.3 20.3 20.3 20.4 20.4 20.4 20.4
-9999 -9999 -9999 -9999 -9999 -9999 -9999 -9999 -9999 -9999 -9999 -9999 -9999 -9999 -9999 -9999 -9999 -9999 -9999 -9999 -9999 -9999 -9999 -9999 -9999 -9999 -9999 -9999 -9999 -9999 21.4 21.4 21.3 21.3 21.1 20.9 20.6 20.4 20.1 19.9 19.8 19.7 19.6 19.6 19.7 19.7 19.8 19.8 19.8 19.9 19.9 20.0 20.0 20.1 20.1 20.0 20.0 20.0 20.0 20.0 20.0 20.0 20.0 20.0 20.1 20.1 20.1 20.2 20.2 20.2 20.3 20.3 20.3 20.3 20.4 20.4 20.4 20.4 20.4 20.4 20.4 20.4 20.4 20.4
-9999 -9999 -9999 -9999 -9999 -9999 -9999 -9999 -9999 -9999 -9999 -9999 -9999 -9999 -9999 -9999 -9999 -9999 -9999 -9999 -9999 -9999 -9999 -9999 -9999 -9999 -9999 -9999 -9999 -9999 21.4 21.4 21.4 21.3 21.1 20.9 20.7 20.4 20.2 20.0 19.9 19.8 19.8 19.8 19.8 19.8 19.8 19.8 19.9 19.9 19.9 20.0 20.0 20.0 20.0 20.0 20.0 20.1 20.1 20.1 20.1 20.1 20.1 20.2 20.2 20.2 20.2 20.3 20.3 20.3 20.3 20.4 20.4 20.4 20.4 20.4 20.5 20.5 20.4 20.4 20.4 20.4 20.4 20.5
-9999 -9999 -9999 -9999 -9999 -9999 -9999 -9999 -9999 -9999 -9999 -9999 -9999 -9999 -9999 -9999 -9999 -9999 -9999 -9999 -9999 -9999 -9999 -9999 -9999 -9999 -9999 -9999 -9999 -9999 21.4 21.4 21.4 21.3 21.2 21.0 20.8 20.6 20.4 20.2 20.1 20.0 19.9 19.9 19.9 19.9 19.9 19.9 19.9 19.9 20.0 20.0 20.0 20.1 20.1 20.1 20.1 20.1 20.2 20.2 20.2 20.2 20.3 20.3 20.3 20.3 20.3 20.3 20.4 20.4 20.4 20.4 20.5 20.5 20.5 20.5 20.5 20.5 20.5 20.5 20.4 20.4 20.4 20.5
-9999 -9999 -9999 -9999 -9999 -9999 -9999 -9999 -9999 -9999 -9999 -9999 -9999 -9999 -9999 -9999 -9999 -9999 -9999 -9999 -9999 -9999 -9999 -9999 -9999 -9999 -9999 -9999 -9999 -9999 21.4 21.3 21.3 21.3 21.1 21.0 20.8 20.7 20.5 20.4 20.3 20.2 20.1 20.1 20.1 20.1 20.1 20.0 20.0 20.0 20.1 20.1 20.1 20.1 20.1 20.2 20.2 20.2 20.3 20.3 20.3 20.3 20.4 20.4 20.4 20.4 20.4 20.4 20.5 20.5 20.5 20.5 20.5 20.6 20.6 20.6 20.6 20.6 20.5 20.5 20.4 20.4 20.4 20.4
-9999 -9999 -9999 -9999 -9999 -9999 -9999 -9999 -9999 -9999 -9999 -9999 -9999 -9999 -9999 -9999 -9999 -9999 -9999 -9999 -9999 -9999 -9999 -9999 -9999 -9999 -9999 -9999 -9999 -9999 21.2 21.2 21.2 21.2 21.1 21.0 20.8 20.7 20.6 20.5 20.4 20.4 20.3 20.3 20.3 20.2 20.2 20.2 20.2 20.2 20.2 20.2 20.2 20.2 20.3 20.3 20.3 20.3 20.4 20.4 20.4 20.4 20.5 20.5 20.5 20.5 20.5 20.5 20.5 20.6 20.6 20.6 20.6 20.7 20.7 20.7 20.7 20.6 20.6 20.5 20.5 20.4 20.4 20.4
-9999 -9999 -9999 -9999 -9999 -9999 -9999 -9999 -9999 -9999 -9999 -9999 -9999 -9999 -9999 -9999 -9999 -9999 -9999 -9999 -9999 -9999 -9999 -9999 -9999 -9999 -9999 -9999 -9999 -9999 21.1 21.1 21.1 21.1 21.0 20.9 20.8 20.8 20.7 20.6 20.5 20.5 20.5 20.4 20.4 20.4 20.4 20.3 20.3 20.3 20.3 20.3 20.3 20.3 20.3 20.4 20.4 20.4 20.5 20.5 20.5 20.5 20.5 20.6 20.6 20.6 20.6 20.6 20.6 20.7 20.7 20.7 20.7 20.8 20.8 20.8 20.8 20.7 20.7 20.6 20.5 20.5 20.4 20.4
-9999 -9999 -9999 -9999 -9999 -9999 -9999 -9999 -9999 -9999 -9999 -9999 -9999 -9999 -9999 -9999 -9999 -9999 -9999 -9999 -9999 -9999 -9999 -9999 -9999 -9999 -9999 -9999 -9999 -9999 21.0 21.0 21.0 21.0 21.0 20.9 20.9 20.8 20.7 20.7 20.6 20.6 20.6 20.6 20.5 20.5 20.5 20.5 20.4 20.4 20.4 20.4 20.4 20.4 20.5 20.5 20.5 20.5 20.5 20.6 20.6 20.6 20.6 20.6 20.6 20.7 20.7 20.7 20.7 20.8 20.8 20.8 20.9 20.9 20.9 20.9 20.9 20.8 20.8 20.7 20.6 20.6 20.5 20.5
-9999 -9999 -9999 -9999 -9999 -9999 -9999 -9999 -9999 -9999 -9999 -9999 -9999 -9999 -9999 -9999 -9999 -9999 -9999 -9999 -9999 -9999 -9999 -9999 -9999 -9999 -9999 -9999 -9999 -9999 21.0 21.0 21.0 20.9 20.9 20.9 20.9 20.8 20.8 20.8 20.7 20.7 20.7 20.7 20.7 20.6 20.6 20.6 20.5 20.5 20.5 20.5 20.5 20.5 20.6 20.6 20.6 20.6 20.6 20.6 20.6 20.7 20.7 20.7 20.7 20.7 20.7 20.8 20.8 20.9 20.9 21.0 21.0 21.0 21.1 21.0 21.0 21.0 20.9 20.9 20.8 20.7 20.7 20.6
-9999 -9999 -9999 -9999 -9999 -9999 -9999 -9999 -9999 -9999 -9999 -9999 -9999 -9999 -9999 -9999 -9999 -9999 -9999 -9999 -9999 -9999 -9999 -9999 -9999 -9999 -9999 -9999 -9999 -9999 20.9 20.9 20.9 20.9 20.9 20.9 20.9 20.9 20.9 20.8 20.8 20.8 20.8 20.8 20.7 20.7 20.7 20.6 20.6 20.6 20.6 20.6 20.6 20.6 20.6 20.7 20.7 20.7 20.7 20.7 20.7 20.7 20.7 20.7 20.7 20.7 20.7 20.8 20.9 21.0 21.1 21.1 21.2 21.2 21.2 21.2 21.2 21.2 21.1 21.1 21.0 20.9 20.9 20.8
-9999 -9999 -9999 -9999 -9999 -9999 -9999 -9999 -9999 -9999 -9999 -9999 -9999 -9999 -9999 -9999 -9999 -9999 -9999 -9999 -9999 -9999 -9999 -9999 -9999 -9999 -9999 -9999 -9999 -9999 21.0 21.0 21.0 21.0 21.0 21.0 21.0 20.9 20.9 20.9 20.9 20.8 20.8 20.8 20.8 20.8 20.7 20.7 20.7 20.7 20.7 20.7 20.7 20.7 20.8 20.8 20.8 20.8 20.8 20.8 20.8 20.8 20.8 20.8 20.7 20.7 20.7 20.8 20.9 21.0 21.2 21.3 21.4 21.4 21.4 21.4 21.4 21.4 21.3 21.3 21.2 21.2 21.1 21.0
-9999 -9999 -9999 -9999 -9999 -9999 -9999 -9999 -9999 -9999 -9999 -9999 -9999 -9999 -9999 -9999 -9999 -9999 -9999 -9999 -9999 -9999 -9999 -9999 -9999 -9999 -9999 -9999 -9999 -9999 21.0 21.0 21.0 21.0 21.0 21.0 21.0 21.0 20.9 20.9 20.9 20.9 20.9 20.9 20.9 20.8 20.8 20.8 20.7 20.7 20.8 20.8 20.8 20.9 20.9 21.0 21.0 21.0 21.0 21.0 21.0 21.0 20.9 20.9 20.8 20.7 20.8 20.8 21.0 21.1 21.3 21.4 21.5 21.6 21.6 21.6 21.6 21.6 21.6 21.5 21.5 21.4 21.3 21.2
-9999 -9999 -9999 -9999 -9999 -9999 -9999 -9999 -9999 -9999 -9999 -9999 -9999 -9999 -9999 -9999 -9999 -9999 -9999 -9999 -9999 -9999 -9999 -9999 -9999 -9999 -9999 -9999 -9999 -9999 21.1 21.1 21.1 21.1 21.1 21.1 21.0 21.0 21.0 21.0 20.9 20.9 20.9 20.9 20.9 20.9 20.8 20.8 20.8 20.8 20.8 20.9 20.9 21.0 21.1 21.1 21.2 21.2 21.2 21.2 21.2 21.1 21.1 21.0 20.9 20.8 20.9 20.9 21.1 21.3 21.5 21.6 21.8 21.8 21.9 21.9 21.8 21.8 21.8 21.7 21.6 21.5 21.4 21.3
-9999 -9999 -9999 -9999 -9999 -9999 -9999 -9999 -9999 -9999 -9999 -9999 -9999 -9999 -9999 -9999 -9999 -9999 -9999 -9999 -9999 -9999 -9999 -9999 -9999 -9999 -9999 -9999 -9999 -9999 21.2 21.2 21.2 21.2 21.2 21.1 21.1 21.1 21.0 21.0 21.0 20.9 20.9 20.9 20.9 20.9 20.9 20.9 20.9 20.9 20.9 21.0 21.0 21.1 21.2 21.3 21.4 21.4 21.4 21.4 21.4 21.3 21.2 21.1 21.0 21.0 21.0 21.1 21.3 21.5 21.7 21.9 22.0 22.1 22.1 22.1 22.0 22.0 21.9 21.9 21.8 21.7 21.6 21.5
-9999 -9999 -9999 -9999 -9999 -9999 -9999 -9999 -9999 -9999 -9999 -9999 -9999 -9999 -9999 -9999 -9999 -9999 -9999 -9999 -9999 -9999 -9999 -9999 -9999 -9999 -9999 -9999 -9999 -9999 21.4 21.4 21.3 21.3 21.3 21.2 21.2 21.1 21.1 21.0 21.0 21.0 20.9 20.9 20.9 20.9 20.9 21.0 21.0 21.0 21.0 21.1 21.1 21.2 21.4 21.5 21.6 21.6 21.6 21.6 21.5 21.5 21.4 21.3 21.2 21.2 21.2 21.3 21.5 21.7 21.9 22.1 22.2 22.3 22.4 22.3 22.2 22.1 22.1 22.0 21.9 21.8 21.7 21.6
-9999 -9999 -9999 -9999 -9999 -9999 -9999 -9999 -9999 -9999 -9999 -9999 -9999 -9999 -9999 -9999 -9999 -9999 -9999 -9999 -9999 -9999 -9999 -9999 -9999 -9999 -9999 -9999 -9999 -9999 21.5 21.5 21.5 21.4 21.4 21.3 21.2 21.2 21.1 21.1 21.0 21.0 21.0 21.0 21.0 21.0 21.0 21.0 21.0 21.0 21.1 21.1 21.2 21.3 21.4 21.6 21.7 21.7 21.8 21.7 21.7 21.6 21.6 21.5 21.5 21.4 21.5 21.6 21.7 21.9 22.1 22.3 22.4 22.5 22.5 22.4 22.3 22.2 22.1 22.1 22.0 21.9 21.8 21.7
-9999 -9999 -9999 -9999 -9999 -9999 -9999 -9999 -9999 -9999 -9999 -9999 -9999 -9999 -9999 -9999 -9999 -9999 -9999 -9999 -9999 -9999 -9999 -9999 -9999 -9999 -9999 -9999 -9999 -9999 21.7 21.7 21.6 21.6 21.5 21.4 21.3 21.3 21.2 21.1 21.1 21.1 21.0 21.0 21.0 21.0 21.0 21.0 21.0 21.1 21.1 21.2 21.2 21.4 21.5 21.6 21.8 21.8 21.8 21.8 21.8 21.7 21.7 21.7 21.7 21.7 21.7 21.8 22.0 22.1 22.3 22.4 22.5 22.6 22.5 22.5 22.4 22.3 22.2 22.1 22.0 22.0 21.9 21.8
-9999 -9999 -9999 -9999 -9999 -9999 -9999 -9999 -9999 -9999 -9999 -9999 -9999 -9999 -9999 -9999 -9999 -9999 -9999 -9999 -9999 -9999 -9999 -9999 -9999 -9999 -9999 -9999 -9999 -9999 21.8 21.8 21.7 21.6 21.5 21.4 21.4 21.3 21.3 21.2 21.2 21.1 21.1 21.1 21.0 21.0 21.0 21.1 21.1 21.1 21.1 21.2 21.3 21.4 21.5 21.7 21.8 21.8 21.9 21.9 21.8 21.8 21.8 21.8 21.8 21.9 21.9 22.0 22.1 22.2 22.4 22.5 22.5 22.5 22.5 22.4 22.3 22.2 22.2 22.1 22.1 22.0 22.0 21.9
-9999 -9999 -9999 -9999 -9999 -9999 -9999 -9999 -9999 -9999 -9999 -9999 -9999 -9999 -9999 -9999 -9999 -9999 -9999 -9999 -9999 -9999 -9999 -9999 -9999 -9999 -9999 -9999 -9999 -9999 21.9 21.8 21.7 21.6 21.5 21.4 21.4 21.3 21.3 21.3 21.2 21.2 21.2 21.1 21.1 21.1 21.1 21.1 21.1 21.1 21.2 21.2 21.3 21.4 21.5 21.7 21.8 21.8 21.9 21.9 21.9 21.9 21.9 21.9 21.9 22.0 22.0 22.1 22.2 22.3 22.4 22.4 22.5 22.5 22.4 22.3 22.3 22.2 22.2 22.1 22.1 22.1 22.1 22.0
-9999 -9999 -9999 -9999 -9999 -9999 -9999 -9999 -9999 -9999 -9999 -9999 -9999 -9999 -9999 -9999 -9999 -9999 -9999 -9999 -9999 -9999 -9999 -9999 -9999 -9999 -9999 -9999 -9999 -9999 21.8 21.8 21.7 21.6 21.5 21.4 21.4 21.3 21.3 21.3 21.3 21.3 21.2 21.2 21.2 21.2 21.2 21.2 21.2 21.2 21.2 21.3 21.4 21.5 21.6 21.7 21.8 21.8 21.9 21.9 21.9 21.9 22.0 22.0 22.0 22.1 22.1 22.2 22.2 22.3 22.3 22.4 22.4 22.4 22.3 22.3 22.2 22.2 22.2 22.2 22.2 22.2 22.2 22.1
-9999 -9999 -9999 -9999 -9999 -9999 -9999 -9999 -9999 -9999 -9999 -9999 -9999 -9999 -9999 -9999 -9999 -9999 -9999 -9999 21.8 21.8 21.8 21.8 21.8 21.7 21.7 21.7 21.7 21.8 21.7 21.7 21.6 21.5 21.5 21.4 21.4 21.4 21.4 21.4 21.4 21.4 21.3 21.3 21.3 21.3 21.2 21.2 21.2 21.3 21.3 21.4 21.5 21.6 21.7 21.7 21.8 21.9 21.9 22.0 22.0 22.0 22.0 22.1 22.1 22.1 22.2 22.2 22.2 22.3 22.3 22.3 22.3 22.3 22.3 22.2 22.2 22.2 22.2 22.3 22.3 22.3 22.3 22.3
-9999 -9999 -9999 -9999 -9999 -9999 -9999 -9999 -9999 -9999 -9999 -9999 -9999 -9999 -9999 -9999 -9999 -9999 -9999 -9999 21.8 21.8 21.8 21.8 21.7 21.7 21.7 21.6 21.6 21.6 21.6 21.6 21.5 21.5 21.4 21.4 21.4 21.4 21.5 21.5 21.5 21.4 21.4 21.4 21.4 21.3 21.3 21.3 21.3 21.4 21.4 21.5 21.6 21.6 21.7 21.8 21.9 21.9 22.0 22.0 22.0 22.1 22.1 22.1 22.2 22.2 22.2 22.2 22.3 22.3 22.3 22.3 22.3 22.3 22.3 22.3 22.3 22.3 22.3 22.4 22.4 22.4 22.4 22.4
-9999 -9999 -9999 -9999 -9999 -9999 -9999 -9999 -9999 -9999 -9999 -9999 -9999 -9999 -9999 -9999 -9999 -9999 -9999 -9999 21.8 21.8 21.8 21.7 21.7 21.7 21.6 21.6 21.6 21.5 21.5 21.5 21.5 21.4 21.4 21.4 21.5 21.5 21.6 21.6 21.6 21.6 21.5 21.5 21.5 21.5 21.4 21.4 21.4 21.5 21.5 21.6 21.7 21.7 21.8 21.9 21.9 22.0 22.0 22.1 22.1 22.1 22.1 22.2 22.2 22.2 22.2 22.3 22.3 22.3 22.3 22.3 22.3 22.4 22.4 22.4 22.4 22.4 22.5 22.5 22.5 22.5 22.5 22.5
-9999 -9999 -9999 -9999 -9999 -9999 -9999 -9999 -9999 -9999 -9999 -9999 -9999 -9999 -9999 -9999 -9999 -9999 -9999 -9999 21.8 21.7 21.7 21.7 21.6 21.6 21.5 21.5 21.5 21.4 21.4 21.4 21.4 21.4 21.5 21.5 21.6 21.7 21.7 21.7 21.7 21.7 21.7 21.6 21.6 21.6 21.5 21.5 21.6 21.6 21.6 21.7 21.8 21.8 21.9 21.9 22.0 22.0 22.1 22.1 22.1 22.1 22.2 22.2 22.2 22.3 22.3 22.3 22.3 22.3 22.3 22.3 22.4 22.4 22.4 22.5 22.5 22.6 22.6 22.7 22.7 22.7 22.6 22.6
-9999 -9999 -9999 -9999 -9999 -9999 -9999 -9999 -9999 -9999 -9999 -9999 -9999 -9999 -9999 -9999 -9999 -9999 -9999 -9999 21.7 21.7 21.7 21.7 21.6 21.6 21.5 21.4 21.4 21.4 21.4 21.4 21.4 21.5 21.6 21.7 21.7 21.8 21.9 21.9 21.9 21.9 21.8 21.8 21.7 21.7 21.7 21.6 21.7 21.7 21.7 21.8 21.9 21.9 22.0 22.0 22.0 22.1 22.1 22.1 22.1 22.2 22.2 22.2 22.2 22.3 22.3 22.3 22.3 22.3 22.3 22.4 22.4 22.5 22.5 22.6 22.7 22.8 22.8 22.9 22.8 22.8 22.8 22.7
-9999 -9999 -9999 -9999 -9999 -9999 -9999 -9999 -9999 -9999 -9999 -9999 -9999 -9999 -9999 -9999 -9999 -9999 -9999 -9999 21.7 21.7 21.7 21.7 21.7 21.6 21.5 21.4 21.4 21.3 21.4 21.4 21.5 21.6 21.7 21.8 21.9 22.0 22.0 22.1 22.1 22.0 22.0 21.9 21.9 21.8 21.8 21.8 21.8 21.8 21.9 21.9 21.9 22.0 22.0 22.1 22.1 22.1 22.1 22.2 22.2 22.2 22.2 22.2 22.2 22.2 22.3 22.3 22.3 22.3 22.3 22.4 22.4 22.5 22.6 22.7 22.8 22.9 23.0 23.0 23.0 22.9 22.9 22.9
-9999 -9999 -9999 -9999 -9999 -9999 -9999 -9999 -9999 -9999 -9999 -9999 -9999 -9999 -9999 -9999 -9999 -9999 -9999 -9999 21.8 21.8 21.8 21.7 21.7 21.7 21.6 21.5 21.5 21.4 21.4 21.5 21.5 21.6 21.8 21.9 22.0 22.1 22.2 22.2 22.2 22.2 22.1 22.1 22.0 21.9 21.9 21.9 21.9 21.9 22.0 22.0 22.1 22.1 22.1 22.2 22.2 22.2 22.2 22.2 22.2 22.2 22.1 22.1 22.2 22.2 22.3 22.3 22.3 22.3 22.4 22.4 22.5 22.6 22.6 22.7 22.8 22.9 23.0 23.1 23.1 23.0 23.0 22.9
-9999 -9999 -9999 -9999 -9999 -9999 -9999 -9999 -9999 -9999 -9999 -9999 -9999 -9999 -9999 -9999 -9999 -9999 -9999 -9999 21.8 21.8 21.8 21.8 21.8 21.8 21.7 21.7 21.6 21.6 21.5 21.6 21.6 21.7 21.8 22.0 22.1 22.2 22.2 22.3 22.3 22.3 22.2 22.2 22.1 22.0 22.0 22.0 22.1 22.1 22.1 22.2 22.2 22.3 22.3 22.3 22.3 22.3 22.3 22.3 22.2 22.2 22.1 22.1 22.1 22.2 22.3 22.3 22.3 22.4 22.5 22.5 22.6 22.7 22.7 22.8 22.8 22.9 23.0 23.1 23.1 23.1 23.0 23.0
-9999 -9999 -9999 -9999 -9999 -9999 -9999 -9999 -9999 -9999 -9999 -9999 -9999 -9999 -9999 -9999 -9999 -9999 -9999 -9999 21.8 21.9 21.9 21.9 22.0 22.0 21.9 21.8 21.8 21.7 21.7 21.7 21.7 21.8 21.9 22.0 22.1 22.2 22.3 22.3 22.3 22.3 22.3 22.2 22.2 22.2 22.2 22.2 22.3 22.3 22.3 22.4 22.4 22.4 22.4 22.4 22.4 22.4 22.4 22.3 22.3 22.2 22.2 22.2 22.2 22.3 22.3 22.4 22.5 22.5 22.6 22.7 22.8 22.8 22.8 22.8 22.8 22.9 23.0 23.1 23.1 23.1 23.0 23.0
-9999 -9999 -9999 -9999 -9999 -9999 -9999 -9999 -9999 -9999 -9999 -9999 -9999 -9999 -9999 -9999 -9999 -9999 -9999 -9999 21.8 21.9 21.9 22.0 22.1 22.1 22.1 22.0 21.9 21.9 21.8 21.8 21.8 21.9 21.9 22.0 22.1 22.2 22.3 22.3 22.3 22.3 22.3 22.3 22.3 22.3 22.3 22.4 22.5 22.5 22.5 22.6 22.6 22.6 22.6 22.6 22.6 22.6 22.5 22.5 22.4 22.3 22.3 22.3 22.3 22.4 22.5 22.6 22.6 22.7 22.9 23.0 23.0 23.0 22.9 22.8 22.7 22.8 22.9 23.0 23.0 23.0 23.0 23.0
-9999 -9999 -9999 -9999 -9999 -9999 -9999 -9999 -9999 -9999 -9999 -9999 -9999 -9999 -9999 -9999 -9999 -9999 -9999 -9999 21.8 21.9 21.9 22.0 22.1 22.1 22.1 22.1 22.1 22.0 21.9 21.9 21.9 21.9 22.0 22.0 22.1 22.2 22.2 22.3 22.3 22.4 22.4 22.4 22.4 22.5 22.5 22.6 22.6 22.7 22.7 22.7 22.7 22.8 22.8 22.8 22.8 22.7 22.7 22.6 22.5 22.5 22.4 22.4 22.5 22.6 22.7 22.8 22.9 23.0 23.1 23.2 23.2 23.1 22.9 22.7 22.6 22.6 22.7 22.8 22.9 23.0 23.0 23.0
