GISFiles/recur_pcp/2-hr/2-yr_smoothed_gridded_recur_pcp.asc
ncols 390
nrows 190
xllcorner -71.5
yllcorner 42.5
cellsize 0.05
nodata_value -9999
[rows 74 to 110 of 190, columns 84 to 167 of 390]
20.1 20.1 20.1 20.2 20.2 20.3 20.4 20.5 20.5 20.6 20.7 20.8 20.8 20.9 20.9 20.8 20.8 20.7 20.7 20.8 20.8 21.0 21.2 21.3 21.5 21.6 21.8 21.9 22.1 22.2 22.3 22.4 22.5 22.7 22.8 23.0 23.2 23.3 23.4 23.5 23.6 23.7 23.8 24.0 24.3 24.5 24.7 24.7 24.6 24.5 24.4 24.3 24.2 24.1 24.1 24.1 24.2 24.3 24.5 24.6 24.6 24.6 24.6 24.6 24.5 24.5 24.5 24.5 24.5 24.7 24.7 24.7 24.6 24.5 24.5 24.4 24.4 24.4 24.4 24.6 25.0 25.4 25.8 26.3
20.2 20.2 20.2 20.2 20.3 20.4 20.5 20.5 20.6 20.7 20.8 20.9 20.9 21.0 20.9 20.8 20.7 20.6 20.6 20.6 20.7 20.8 21.0 21.2 21.4 21.6 21.8 21.9 22.0 22.1 22.2 22.3 22.5 22.6 22.8 23.0 23.2 23.3 23.5 23.5 23.6 23.7 23.9 24.1 24.4 24.7 24.9 24.9 24.8 24.6 24.4 24.2 24.1 24.0 23.9 23.9 23.9 24.0 24.1 24.2 24.3 24.3 24.3 24.3 24.3 24.3 24.3 24.4 24.4 24.4 24.5 24.5 24.4 24.4 24.3 24.3 24.4 24.4 24.4 24.5 24.7 25.2 25.6 26.1
20.2 20.2 20.3 20.3 20.4 20.5 20.5 20.6 20.7 20.8 20.9 21.0 21.0 21.0 20.9 20.8 20.7 20.5 20.4 20.4 20.5 20.7 20.9 21.1 21.3 21.5 21.7 21.9 22.0 22.1 22.2 22.3 22.4 22.6 22.8 23.0 23.2 23.3 23.5 23.5 23.6 23.7 23.8 24.1 24.4 24.7 24.9 24.9 24.8 24.6 24.3 24.1 23.9 23.8 23.7 23.6 23.6 23.7 23.8 23.9 24.0 24.1 24.1 24.1 24.1 24.1 24.2 24.2 24.2 24.3 24.3 24.3 24.2 24.2 24.2 24.1 24.2 24.3 24.3 24.3 24.5 25.0 25.5 25.9
20.3 20.3 20.3 20.4 20.5 20.5 20.6 20.7 20.8 20.8 20.9 21.0 21.0 21.0 20.9 20.8 20.6 20.5 20.4 20.4 20.5 20.6 20.8 21.0 21.3 21.5 21.7 21.8 22.0 22.1 22.2 22.3 22.4 22.6 22.8 22.9 23.1 23.3 23.4 23.5 23.5 23.6 23.7 24.0 24.3 24.6 24.7 24.8 24.7 24.4 24.2 23.9 23.7 23.5 23.4 23.3 23.3 23.4 23.5 23.6 23.7 23.8 23.9 23.9 23.9 24.0 24.0 24.0 24.1 24.1 24.1 24.1 24.1 24.0 24.0 24.0 24.1 24.2 24.3 24.2 24.4 24.8 25.2 25.7
20.3 20.4 20.4 20.5 20.5 20.6 20.6 20.7 20.8 20.9 20.9 21.0 21.0 21.0 20.9 20.8 20.6 20.5 20.4 20.4 20.5 20.6 20.8 21.0 21.2 21.5 21.7 21.8 22.0 22.1 22.2 22.3 22.4 22.6 22.7 22.9 23.1 23.2 23.3 23.4 23.4 23.4 23.5 23.7 24.0 24.3 24.4 24.5 24.4 24.2 23.9 23.7 23.5 23.3 23.1 23.1 23.1 23.1 23.2 23.4 23.5 23.6 23.7 23.7 23.8 23.8 23.8 23.9 23.9 24.0 24.0 23.9 23.8 23.8 23.8 23.8 24.0 24.1 24.2 24.2 24.2 24.6 24.9 25.3
20.4 20.4 20.5 20.5 20.6 20.6 20.7 20.7 20.8 20.8 20.9 20.9 21.0 20.9 20.9 20.8 20.7 20.6 20.5 20.5 20.6 20.7 20.9 21.0 21.3 21.5 21.6 21.8 22.0 22.1 22.2 22.3 22.4 22.6 22.7 22.8 23.0 23.1 23.2 23.2 23.2 23.3 23.3 23.5 23.7 23.9 24.0 24.1 24.0 23.8 23.6 23.4 23.2 23.1 23.0 22.9 22.9 23.0 23.1 23.2 23.3 23.5 23.5 23.6 23.7 23.7 23.7 23.8 23.8 23.9 23.9 23.8 23.7 23.6 23.6 23.7 23.8 24.0 24.1 24.1 24.1 24.2 24.4 24.9
20.4 20.5 20.5 20.6 20.6 20.7 20.7 20.7 20.7 20.8 20.8 20.9 20.9 20.9 20.8 20.8 20.7 20.7 20.6 20.6 20.7 20.8 21.0 21.1 21.3 21.5 21.6 21.8 22.0 22.1 22.2 22.3 22.4 22.5 22.7 22.8 22.9 23.0 23.1 23.1 23.1 23.1 23.1 23.2 23.4 23.5 23.6 23.6 23.6 23.5 23.3 23.2 23.1 22.9 22.9 22.8 22.8 22.9 23.0 23.1 23.3 23.4 23.4 23.5 23.5 23.6 23.6 23.7 23.7 23.8 23.8 23.7 23.6 23.5 23.5 23.6 23.7 23.9 24.0 24.0 23.7 23.9 24.1 -9999
20.5 20.5 20.6 20.6 20.6 20.7 20.7 20.7 20.7 20.7 20.7 20.8 20.8 20.8 20.8 20.8 20.7 20.7 20.7 20.8 20.8 20.9 21.1 21.2 21.4 21.5 21.7 21.8 22.0 22.1 22.2 22.3 22.4 22.5 22.6 22.7 22.9 23.0 23.0 23.0 23.0 23.0 23.0 23.0 23.1 23.2 23.3 23.3 23.3 23.2 23.1 23.0 22.9 22.9 22.8 22.8 22.8 22.9 23.0 23.1 23.2 23.3 23.4 23.4 23.4 23.5 23.5 23.5 23.6 23.6 23.6 23.5 23.4 23.3 23.3 23.4 23.6 23.8 23.7 23.6 23.5 23.5 23.4 -9999
20.5 20.5 20.6 20.6 20.6 20.7 20.7 20.7 20.7 20.7 20.7 20.7 20.7 20.7 20.8 20.8 20.8 20.8 20.8 20.9 20.9 21.0 21.1 21.3 21.4 21.6 21.7 21.9 22.0 22.1 22.2 22.3 22.4 22.5 22.6 22.7 22.8 22.8 22.9 22.9 22.9 22.8 22.8 22.8 22.9 23.0 23.1 23.1 23.1 23.0 22.9 22.8 22.8 22.8 22.8 22.8 22.9 22.9 23.0 23.1 23.2 23.2 23.3 23.3 23.3 23.4 23.4 23.4 23.5 23.5 23.4 23.3 23.2 23.1 23.1 23.2 23.3 23.4 23.3 23.2 23.1 23.0 22.9 -9999
20.5 20.5 20.5 20.6 20.6 20.6 20.7 20.7 20.7 20.7 20.7 20.7 20.7 20.7 20.7 20.8 20.8 20.8 20.8 20.9 21.0 21.1 21.2 21.4 21.5 21.6 21.8 21.9 22.0 22.1 22.2 22.3 22.4 22.5 22.5 22.6 22.7 22.7 22.7 22.8 22.7 22.7 22.7 22.7 22.8 22.8 22.9 22.9 22.9 22.8 22.7 22.7 22.7 22.7 22.8 22.8 22.9 22.9 23.0 23.0 23.1 23.1 23.2 23.2 23.2 23.2 23.2 23.3 23.2 23.2 23.2 23.1 23.0 22.9 22.9 22.9 23.0 22.9 22.9 22.8 22.7 22.6 -9999 -9999
20.4 20.5 20.5 20.5 20.6 20.6 20.6 20.6 20.7 20.7 20.6 20.6 20.6 20.7 20.7 20.7 20.8 20.8 20.9 21.0 21.1 21.2 21.3 21.4 21.6 21.7 21.8 22.0 22.0 22.1 22.2 22.3 22.4 22.4 22.5 22.5 22.6 22.6 22.6 22.6 22.6 22.6 22.6 22.6 22.7 22.7 22.8 22.8 22.8 22.7 22.6 22.6 22.6 22.6 22.7 22.8 22.8 22.9 23.0 23.0 23.0 23.1 23.1 23.1 23.1 23.1 23.1 23.1 23.0 23.0 22.9 22.8 22.7 22.6 22.5 22.5 22.4 22.4 22.3 22.3 22.1 22.0 -9999 -9999
20.4 20.4 20.5 20.5 20.5 20.6 20.6 20.6 20.6 20.6 20.6 20.6 20.6 20.6 20.7 20.7 20.8 20.9 20.9 21.0 21.1 21.2 21.3 21.5 21.6 21.8 21.9 22.0 22.1 22.2 22.2 22.3 22.4 22.4 22.4 22.5 22.5 22.5 22.6 22.5 22.5 22.5 22.5 22.6 22.6 22.7 22.8 22.7 22.7 22.6 22.6 22.5 22.5 22.6 22.7 22.7 22.8 22.8 22.9 22.9 22.9 22.9 22.9 22.9 22.9 22.9 22.9 22.8 22.8 22.7 22.6 22.4 22.3 22.2 22.0 22.0 21.9 21.8 21.7 21.6 21.4 -9999 -9999 -9999
20.4 20.4 20.5 20.5 20.5 20.5 20.5 20.5 20.5 20.5 20.5 20.5 20.5 20.6 20.6 20.7 20.7 20.8 20.9 21.0 21.1 21.3 21.4 21.5 21.7 21.8 21.9 22.1 22.1 22.2 22.3 22.3 22.3 22.4 22.4 22.4 22.5 22.5 22.5 22.5 22.5 22.5 22.5 22.6 22.6 22.7 22.7 22.7 22.7 22.6 22.6 22.5 22.5 22.6 22.7 22.7 22.8 22.8 22.8 22.8 22.8 22.8 22.8 22.8 22.8 22.8 22.7 22.6 22.5 22.3 22.2 22.1 21.9 21.8 21.7 21.5 21.4 21.3 21.1 21.0 20.8 -9999 -9999 -9999
20.5 20.5 20.5 20.4 20.4 20.4 20.4 20.4 20.4 20.4 20.5 20.5 20.5 20.5 20.6 20.6 20.7 20.8 20.9 21.0 21.1 21.2 21.4 21.5 21.7 21.8 22.0 22.1 22.2 22.3 22.3 22.3 22.4 22.4 22.4 22.4 22.5 22.5 22.5 22.5 22.5 22.6 22.6 22.6 22.7 22.7 22.8 22.7 22.7 22.6 22.6 22.6 22.6 22.6 22.7 22.7 22.7 22.7 22.7 22.7 22.7 22.7 22.7 22.6 22.5 22.5 22.4 22.3 22.1 22.0 21.9 21.7 21.6 21.4 21.3 21.1 21.0 20.8 20.7 20.5 20.4 20.3 -9999 -9999
20.6 20.5 20.5 20.4 20.3 20.3 20.2 20.2 20.3 20.3 20.4 20.4 20.5 20.5 20.5 20.6 20.6 20.7 20.8 20.9 21.1 21.2 21.3 21.5 21.7 21.9 22.0 22.1 22.2 22.3 22.4 22.4 22.4 22.4 22.5 22.5 22.5 22.5 22.6 22.6 22.6 22.7 22.7 22.7 22.8 22.8 22.8 22.8 22.7 22.7 22.7 22.7 22.7 22.7 22.7 22.7 22.7 22.7 22.7 22.7 22.6 22.6 22.5 22.4 22.3 22.2 22.0 21.9 21.8 21.7 21.5 21.4 21.3 21.1 21.0 20.8 20.7 20.5 20.4 20.3 20.2 20.2 20.4 21.0
20.7 20.6 20.5 20.4 20.3 20.2 20.1 20.1 20.1 20.2 20.3 20.4 20.4 20.5 20.5 20.5 20.6 20.6 20.7 20.8 21.0 21.2 21.3 21.5 21.7 21.9 22.0 22.2 22.3 22.4 22.4 22.5 22.5 22.5 22.5 22.5 22.6 22.6 22.6 22.7 22.7 22.8 22.8 22.8 22.9 22.9 22.9 22.8 22.8 22.7 22.7 22.7 22.7 22.7 22.7 22.7 22.7 22.7 22.6 22.6 22.5 22.4 22.3 22.1 22.0 21.9 21.7 21.6 21.5 21.4 21.3 21.2 21.1 20.9 20.8 20.6 20.5 20.4 20.2 20.1 20.1 20.0 20.3 20.8
20.9 20.8 20.6 20.5 20.3 20.2 20.0 20.0 20.0 20.1 20.2 20.3 20.4 20.5 20.5 20.5 20.5 20.6 20.7 20.8 21.0 21.1 21.3 21.5 21.7 21.9 22.1 22.2 22.4 22.4 22.5 22.5 22.6 22.6 22.6 22.6 22.7 22.7 22.7 22.8 22.8 22.9 22.9 22.9 22.9 22.9 22.9 22.8 22.8 22.8 22.8 22.8 22.8 22.7 22.7 22.7 22.7 22.6 22.6 22.5 22.4 22.3 22.1 22.0 21.8 21.6 21.5 21.3 21.2 21.2 21.1 21.0 20.9 20.8 20.7 20.5 20.4 20.3 20.2 20.1 20.0 20.0 20.3 20.7
21.1 20.9 20.8 20.6 20.4 20.2 20.1 20.0 20.0 20.1 20.2 20.4 20.5 20.5 20.6 20.6 20.6 20.6 20.7 20.8 21.0 21.2 21.4 21.6 21.8 21.9 22.1 22.3 22.4 22.5 22.5 22.6 22.6 22.6 22.7 22.7 22.8 22.8 22.9 22.9 22.9 23.0 23.0 23.0 23.0 22.9 22.9 22.9 22.9 22.8 22.8 22.8 22.8 22.8 22.7 22.7 22.6 22.6 22.5 22.4 22.3 22.1 22.0 21.8 21.7 21.5 21.3 21.2 21.1 21.0 21.0 20.9 20.8 20.7 20.6 20.5 20.4 20.3 20.2 20.2 20.1 20.1 20.3 20.5
21.2 21.1 21.0 20.8 20.6 20.4 20.3 20.2 20.2 20.3 20.4 20.5 20.6 20.7 20.7 20.7 20.7 20.7 20.8 20.9 21.0 21.2 21.4 21.6 21.8 22.0 22.1 22.3 22.4 22.5 22.6 22.6 22.7 22.7 22.8 22.8 22.9 22.9 22.9 23.0 23.0 23.0 23.0 23.0 23.0 23.0 22.9 22.9 22.9 22.9 22.8 22.8 22.8 22.7 22.7 22.6 22.6 22.5 22.4 22.3 22.2 22.1 21.9 21.7 21.6 21.4 21.3 21.2 21.1 21.0 20.9 20.9 20.8 20.7 20.6 20.5 20.5 20.4 20.4 20.3 20.3 20.3 20.4 20.6
21.4 21.3 21.1 21.0 20.8 20.7 20.5 20.5 20.4 20.5 20.6 20.7 20.8 20.9 20.9 20.9 20.8 20.9 20.9 21.0 21.2 21.3 21.5 21.7 21.9 22.0 22.2 22.3 22.5 22.6 22.6 22.7 22.7 22.8 22.8 22.9 22.9 23.0 23.0 23.0 23.0 23.0 23.0 23.0 23.0 23.0 22.9 22.9 22.9 22.9 22.8 22.8 22.7 22.7 22.6 22.5 22.5 22.4 22.3 22.2 22.1 22.0 21.8 21.7 21.5 21.4 21.3 21.2 21.1 21.0 20.9 20.8 20.8 20.7 20.7 20.6 20.6 20.6 20.6 20.6 20.6 20.6 20.7 20.8
21.5 21.4 21.3 21.2 21.1 21.0 20.9 20.8 20.8 20.8 20.9 21.0 21.0 21.1 21.1 21.1 21.0 21.1 21.1 21.2 21.3 21.5 21.6 21.8 21.9 22.1 22.2 22.4 22.5 22.6 22.7 22.7 22.8 22.8 22.9 23.0 23.0 23.0 23.1 23.1 23.0 23.0 23.0 23.0 23.0 23.0 23.0 22.9 22.9 22.9 22.8 22.8 22.7 22.6 22.6 22.5 22.4 22.3 22.2 22.1 22.0 21.9 21.8 21.7 21.6 21.5 21.4 21.2 21.1 21.0 20.9 20.8 20.8 20.8 20.8 20.8 20.8 20.8 20.9 20.9 21.0 21.0 21.1 21.2
21.6 21.6 21.5 21.4 21.3 21.3 21.2 21.1 21.1 21.1 21.2 21.2 21.3 21.3 21.3 21.3 21.3 21.3 21.3 21.4 21.5 21.6 21.8 21.9 22.1 22.2 22.3 22.5 22.6 22.7 22.7 22.8 22.9 22.9 23.0 23.0 23.1 23.1 23.1 23.1 23.1 23.0 23.0 23.0 23.0 23.0 23.0 22.9 22.9 22.8 22.8 22.7 22.7 22.6 22.5 22.4 22.3 22.2 22.1 22.0 21.9 21.8 21.7 21.6 21.6 21.5 21.4 21.3 21.2 21.1 21.0 21.0 20.9 20.9 21.0 21.0 21.1 21.1 21.2 21.3 21.3 21.4 21.5 21.6
21.7 21.7 21.6 21.6 21.5 21.5 21.4 21.4 21.4 21.4 21.5 21.5 21.5 21.5 21.5 21.5 21.5 21.5 21.6 21.7 21.8 21.9 22.0 22.1 22.3 22.4 22.5 22.6 22.7 22.8 22.8 22.9 23.0 23.0 23.1 23.1 23.1 23.1 23.1 23.1 23.1 23.1 23.1 23.1 23.1 23.0 23.0 23.0 22.9 22.9 22.8 22.7 22.6 22.5 22.4 22.3 22.2 22.1 22.0 21.9 21.8 21.7 21.6 21.5 21.5 21.4 21.4 21.3 21.2 21.2 21.1 21.1 21.1 21.1 21.2 21.3 21.4 21.4 21.5 21.6 21.7 21.7 21.8 21.9
21.8 21.8 21.8 21.7 21.7 21.7 21.6 21.6 21.6 21.6 21.7 21.7 21.7 21.8 21.8 21.8 21.8 21.8 21.8 21.9 22.0 22.1 22.2 22.4 22.5 22.6 22.7 22.7 22.8 22.9 23.0 23.0 23.1 23.1 23.1 23.1 23.1 23.1 23.1 23.1 23.1 23.1 23.1 23.1 23.1 23.1 23.1 23.0 23.0 22.9 22.8 22.7 22.6 22.5 22.4 22.3 22.2 22.1 22.0 21.9 21.7 21.6 21.5 21.4 21.4 21.3 21.3 21.4 21.3 21.3 21.3 21.3 21.3 21.3 21.4 21.5 21.6 21.7 21.8 21.8 21.9 22.0 22.1 22.2
22.0 21.9 21.9 21.9 21.8 21.8 21.8 21.8 21.8 21.8 21.8 21.9 21.9 22.0 22.0 22.0 22.0 22.1 22.1 22.2 22.3 22.4 22.5 22.6 22.7 22.8 22.8 22.9 23.0 23.0 23.1 23.1 23.2 23.2 23.2 23.2 23.2 23.1 23.1 23.1 23.1 23.1 23.1 23.2 23.2 23.2 23.1 23.1 23.0 23.0 22.9 22.8 22.7 22.6 22.4 22.3 22.2 22.1 21.9 21.8 21.7 21.5 21.4 21.3 21.3 21.2 21.3 21.3 21.4 21.4 21.4 21.5 21.5 21.5 21.6 21.7 21.7 21.8 21.9 22.0 22.1 22.2 22.2 22.3
22.1 22.1 22.0 22.0 22.0 22.0 22.0 22.0 22.0 22.0 22.0 22.0 22.1 22.1 22.2 22.2 22.3 22.3 22.4 22.5 22.6 22.7 22.8 22.9 23.0 23.0 23.0 23.1 23.1 23.2 23.2 23.2 23.2 23.2 23.2 23.2 23.2 23.2 23.1 23.1 23.2 23.2 23.2 23.3 23.3 23.3 23.2 23.2 23.1 23.1 23.0 22.9 22.7 22.6 22.5 22.4 22.2 22.1 21.9 21.8 21.6 21.5 21.3 21.2 21.2 21.2 21.3 21.3 21.4 21.5 21.6 21.6 21.7 21.7 21.7 21.8 21.9 22.0 22.0 22.1 22.1 22.2 22.3 22.3
22.2 22.2 22.2 22.1 22.1 22.1 22.1 22.1 22.1 22.1 22.2 22.2 22.2 22.3 22.3 22.4 22.5 22.5 22.6 22.7 22.8 23.0 23.1 23.1 23.2 23.2 23.2 23.3 23.2 23.3 23.3 23.3 23.3 23.3 23.3 23.2 23.2 23.2 23.2 23.2 23.2 23.3 23.3 23.4 23.4 23.4 23.4 23.3 23.3 23.2 23.1 23.0 22.8 22.7 22.6 22.4 22.3 22.1 21.9 21.8 21.6 21.5 21.3 21.2 21.2 21.2 21.3 21.4 21.5 21.6 21.7 21.7 21.8 21.8 21.8 21.9 21.9 22.0 22.1 22.1 22.2 22.2 22.3 22.3
22.3 22.3 22.3 22.3 22.3 22.3 22.3 22.3 22.3 22.3 22.3 22.3 22.4 22.4 22.5 22.5 22.6 22.7 22.8 22.9 23.1 23.2 23.3 23.3 23.4 23.4 23.4 23.4 23.4 23.4 23.4 23.3 23.4 23.3 23.3 23.3 23.3 23.2 23.2 23.3 23.3 23.4 23.4 23.5 23.6 23.6 23.6 23.5 23.5 23.4 23.2 23.1 22.9 22.8 22.6 22.5 22.3 22.1 22.0 21.8 21.7 21.5 21.4 21.3 21.2 21.3 21.3 21.4 21.5 21.7 21.8 21.8 21.9 21.9 21.9 21.9 22.0 22.0 22.1 22.2 22.2 22.3 22.3 22.4
22.5 22.4 22.4 22.4 22.4 22.4 22.4 22.4 22.4 22.4 22.5 22.5 22.5 22.6 22.6 22.7 22.8 22.9 23.0 23.1 23.2 23.3 23.4 23.5 23.5 23.5 23.5 23.5 23.4 23.4 23.4 23.4 23.4 23.3 23.3 23.3 23.3 23.3 23.3 23.3 23.4 23.5 23.6 23.7 23.7 23.8 23.8 23.7 23.6 23.5 23.4 23.2 23.1 22.9 22.7 22.5 22.4 22.2 22.0 21.9 21.7 21.6 21.5 21.4 21.4 21.4 21.4 21.5 21.6 21.7 21.8 21.9 21.9 22.0 22.0 22.0 22.0 22.1 22.1 22.2 22.3 22.3 22.4 22.4
22.6 22.6 22.6 22.6 22.6 22.6 22.6 22.6 22.6 22.6 22.6 22.6 22.6 22.7 22.7 22.8 22.9 23.0 23.1 23.2 23.3 23.4 23.5 23.6 23.6 23.6 23.6 23.5 23.5 23.5 23.5 23.4 23.4 23.4 23.4 23.4 23.4 23.4 23.4 23.4 23.5 23.6 23.7 23.8 23.9 23.9 23.9 23.9 23.8 23.7 23.6 23.4 23.2 23.0 22.8 22.6 22.4 22.2 22.0 21.9 21.8 21.7 21.6 21.5 21.5 21.5 21.6 21.6 21.7 21.8 21.9 22.0 22.0 22.0 22.0 22.1 22.1 22.1 22.2 22.2 22.3 22.4 22.4 22.5
22.7 22.7 22.7 22.7 22.7 22.7 22.7 22.7 22.7 22.7 22.7 22.8 22.8 22.8 22.8 22.9 23.0 23.1 23.2 23.3 23.4 23.5 23.6 23.6 23.6 23.6 23.6 23.6 23.5 23.5 23.5 23.4 23.4 23.4 23.4 23.4 23.4 23.4 23.4 23.5 23.5 23.6 23.7 23.8 23.9 24.0 24.1 24.1 24.0 23.9 23.7 23.5 23.3 23.1 22.9 22.6 22.4 22.2 22.1 21.9 21.8 21.7 21.7 21.7 21.7 21.7 21.7 21.8 21.8 21.9 22.0 22.1 22.1 22.1 22.1 22.1 22.1 22.2 22.2 22.3 22.3 22.4 22.5 22.5
22.8 22.8 22.8 22.8 22.8 22.8 22.8 22.8 22.8 22.8 22.9 22.9 22.9 22.9 22.9 22.9 23.0 23.1 23.2 23.3 23.4 23.5 23.5 23.6 23.6 23.6 23.6 23.6 23.6 23.5 23.5 23.5 23.5 23.4 23.4 23.4 23.4 23.4 23.4 23.4 23.5 23.6 23.7 23.8 23.9 24.0 24.1 24.1 24.1 24.0 23.8 23.6 23.4 23.1 22.9 22.7 22.5 22.3 22.1 22.0 21.9 21.8 21.8 21.8 21.8 21.8 21.8 21.9 22.0 22.0 22.1 22.1 22.1 22.1 22.1 22.1 22.1 22.2 22.2 22.3 22.4 22.5 22.5 22.6
22.9 22.9 22.9 22.9 22.9 22.9 22.9 22.9 23.0 22.9 23.0 23.0 23.0 23.0 23.0 23.0 23.1 23.1 23.2 23.3 23.4 23.4 23.5 23.5 23.6 23.6 23.6 23.6 23.6 23.6 23.5 23.5 23.5 23.5 23.4 23.4 23.4 23.4 23.3 23.3 23.4 23.5 23.6 23.7 23.8 24.0 24.1 24.1 24.0 23.9 23.8 23.6 23.4 23.2 23.0 22.8 22.5 22.3 22.2 22.0 21.9 21.9 21.8 21.8 21.8 21.9 21.9 22.0 22.1 22.1 22.2 22.2 22.2 22.2 22.1 22.1 22.2 22.2 22.3 22.4 22.5 22.5 22.6 22.6
23.0 23.0 23.0 23.0 23.0 23.0 23.0 23.0 23.0 23.0 23.0 23.0 23.1 23.1 23.1 23.1 23.1 23.2 23.2 23.3 23.3 23.4 23.4 23.5 23.5 23.6 23.6 23.6 23.6 23.6 23.5 23.5 23.5 23.5 23.4 23.4 23.4 23.3 23.3 23.2 23.2 23.3 23.4 23.5 23.7 23.8 23.9 24.0 24.0 23.9 23.7 23.6 23.4 23.2 23.0 22.8 22.6 22.4 22.3 22.1 22.0 21.9 21.9 21.8 21.8 21.9 22.0 22.0 22.1 22.2 22.2 22.2 22.2 22.1 22.1 22.1 22.1 22.2 22.3 22.4 22.5 22.6 22.6 22.7
23.0 23.0 23.0 23.0 23.1 23.1 23.1 23.1 23.1 23.1 23.1 23.1 23.1 23.1 23.1 23.2 23.2 23.2 23.3 23.3 23.3 23.4 23.4 23.4 23.5 23.5 23.5 23.6 23.6 23.6 23.6 23.6 23.5 23.5 23.5 23.4 23.3 23.3 23.2 23.1 23.1 23.2 23.3 23.5 23.6 23.7 23.9 23.9 23.9 23.9 23.8 23.6 23.4 23.2 23.1 22.9 22.7 22.5 22.4 22.2 22.1 22.0 21.9 21.8 21.8 21.9 22.0 22.1 22.2 22.2 22.2 22.2 22.2 22.1 22.1 22.1 22.1 22.2 22.3 22.4 22.6 22.7 22.7 22.7
23.1 23.1 23.1 23.1 23.1 23.1 23.1 23.1 23.1 23.2 23.2 23.2 23.2 23.2 23.2 23.2 23.2 23.3 23.3 23.3 23.4 23.4 23.4 23.4 23.5 23.5 23.5 23.6 23.6 23.6 23.6 23.6 23.5 23.5 23.5 23.4 23.3 23.3 23.2 23.1 23.1 23.2 23.3 23.4 23.5 23.7 23.8 23.9 23.9 23.9 23.8 23.7 23.5 23.3 23.2 23.0 22.9 22.7 22.5 22.4 22.2 22.1 21.9 21.8 21.8 21.9 22.0 22.1 22.2 22.3 22.3 22.2 22.2 22.1 22.1 22.1 22.2 22.2 22.3 22.5 22.6 22.7 22.8 22.8
23.0 23.1 23.1 23.1 23.1 23.1 23.1 23.1 23.2 23.2 23.2 23.3 23.3 23.3 23.3 23.3 23.3 23.3 23.4 23.4 23.4 23.4 23.4 23.4 23.5 23.5 23.5 23.5 23.6 23.6 23.6 23.6 23.6 23.6 23.5 23.5 23.4 23.3 23.3 23.2 23.2 23.2 23.3 23.4 23.6 23.7 23.8 23.9 23.9 23.9 23.8 23.8 23.6 23.5 23.3 23.2 23.0 22.9 22.7 22.5 22.4 22.2 22.0 21.9 21.9 21.9 22.0 22.1 22.2 22.3 22.3 22.3 22.2 22.2 22.2 22.2 22.2 22.3 22.4 22.6 22.8 22.9 23.0 23.0
